participant_id	session_id	lh_caudalanteriorcingulate_area	lh_caudalmiddlefrontal_area	lh_cuneus_area	lh_entorhinal_area	lh_fusiform_area	lh_inferiorparietal_area	lh_inferiortemporal_area	lh_isthmuscingulate_area	lh_lateraloccipital_area	lh_lateralorbitofrontal_area	lh_lingual_area	lh_medialorbitofrontal_area	lh_middletemporal_area	lh_parahippocampal_area	lh_paracentral_area	lh_parsopercularis_area	lh_parsorbitalis_area	lh_parstriangularis_area	lh_pericalcarine_area	lh_postcentral_area	lh_posteriorcingulate_area	lh_precentral_area	lh_precuneus_area	lh_rostralanteriorcingulate_area	lh_rostralmiddlefrontal_area	lh_superiorfrontal_area	lh_superiorparietal_area	lh_superiortemporal_area	lh_supramarginal_area	lh_transversetemporal_area	lh_insula_area	lh_WhiteSurfArea_area	rh_caudalanteriorcingulate_area	rh_caudalmiddlefrontal_area	rh_cuneus_area	rh_entorhinal_area	rh_fusiform_area	rh_inferiorparietal_area	rh_inferiortemporal_area	rh_isthmuscingulate_area	rh_lateraloccipital_area	rh_lateralorbitofrontal_area	rh_lingual_area	rh_medialorbitofrontal_area	rh_middletemporal_area	rh_parahippocampal_area	rh_paracentral_area	rh_parsopercularis_area	rh_parsorbitalis_area	rh_parstriangularis_area	rh_pericalcarine_area	rh_postcentral_area	rh_posteriorcingulate_area	rh_precentral_area	rh_precuneus_area	rh_rostralanteriorcingulate_area	rh_rostralmiddlefrontal_area	rh_superiorfrontal_area	rh_superiorparietal_area	rh_superiortemporal_area	rh_supramarginal_area	rh_transversetemporal_area	rh_insula_area	rh_WhiteSurfArea_area	rh_temporalpole_area
A0001	1	-0.7512885037947309	0.6454536237568512	0.5956588009226607	-0.032986443912834514	-1.0251699160785657	-0.48647457261577315	-1.8538599986010915	0.4288641713456722	-0.7376281928517567	-0.5802391129999077	-0.5988520664800862	-1.160233577210645	-0.3091695069709374	1.5273343617516735	-1.2868864906381172	0.10082584888079754	-2.548920318383844	-1.2633532825025304	-0.3481478718974663	-0.0958345847342526	0.09794403564298493	-0.6045162369292055	1.0499659465680105	-0.28948484011814507	0.23791247356002498	0.7442709600960817	1.3466963235327625	-0.5415217603052644	1.6101400713766858	1.307312706460852	1.6635209947988516	-0.752179104983438	0.4487466437537138	1.107638562253389	1.0238115238572294	0.7279353580033997	-0.2960791238321095	0.7883187903951165	0.7197409799216407	-0.4480427959717784	-0.41899901945709134	0.9535606665908212	-0.7974678995611464	1.217347202031359	0.7768556087333561	0.4207074974702958	0.9285009900228934	-0.22834780929293874	-0.6867807863256147	-1.5467955819084616	0.3492633508756578	1.3623056232454218	0.9937483372327129	-0.19835086834215349	-0.2709055661194156	0.6673391320407369	0.2655898615410594	-0.3444286723746396	-0.02595430927799577	-0.751610797488859	-0.6149325105270744	0.6292357235772152	-0.7658412292061308	1.2142246254372842	0.16523925763725836
A0002	1	1.6458231254756086	1.3456704106430086	-0.9667525281053115	-1.1497690279665291	0.24569525473522089	0.7314565180221584	-0.9027447208177287	1.2704946835263147	2.031028842940544	0.31296730906106507	-1.5544487477506772	1.1773615833663595	-0.8438734622232051	-0.216500604577389	-1.2634811695460988	0.11683208862214542	-0.05064945072517067	-0.24312692947269635	-0.7099746836021372	0.34664197793981416	1.0235543928905197	-0.1400676240258418	-0.39005322303857487	0.07829628745305311	-0.997278314048517	0.2605318687646054	0.06246957591528684	1.0364080268190847	-1.1246101302773726	0.9280140817160613	0.4701260110189752	-1.7616987196347005	0.5597611917482432	-1.2320773113462593	-1.5187553582055826	-2.318113262731682	-0.01132556638368989	-0.620046598527203	-0.3214867266423719	1.8570022582430947	-0.9146742409431675	-0.4648976558368121	-0.10742106301519783	0.08694078074590968	0.6626887876127585	-2.789553986454241	-1.0437257742634594	0.46963608615451957	-1.675826930586177	-0.6932308175153313	0.6716341560362166	-0.29971528653735124	0.7881871783374548	-1.6209736849736665	0.6651969775610826	-2.5351022148192137	0.7004956195963903	0.577640966079791	-0.30779038977579604	-1.1517776643950397	0.5522816924004402	0.667327867183642	1.0630110036041334	-1.5996289622095998	-1.3192783435469029
A0003	1	0.5963021622493407	0.21920820889517198	-1.0055908856549183	-0.6079719616040928	1.29363707492436	-2.671719888971631	-1.7572391454262397	1.2194114230203508	-0.9443352835590235	-0.9025876054748125	-0.5038631331279372	-0.9058481998054431	-0.8822190284261875	-1.2922975837729087	-1.849652763441181	0.23235973023191284	0.2838800105127685	0.6964723645969518	0.02768650223012829	0.8017633869785489	-0.8350683301997224	1.0694302994256142	1.0265061977134697	-0.9527836328976045	1.712634625930322	1.5180025774012067	-0.2955767637191574	-1.13945115364567	0.45318835862187296	0.013440562723553028	-1.0628664919255064	-0.3835038790310616	-0.3702160032681157	-0.10865266359952944	0.07932637241397773	-0.09272027853928305	-1.6984434183008719	0.6862761090117003	0.1603426646453315	-1.2497145875315283	-0.8949374977213103	-0.27715680908301604	-0.25673028677091136	0.8737722669094765	-1.0629031373162041	-2.2774531260287763	0.806512487141445	-1.2461068938941962	0.16220146774196312	0.2947631865112614	-0.8008164421192292	0.39129247960306834	0.6152752433250085	-0.24987057194207002	-0.24829900951166134	-1.5767750734092298	-0.05951274009891959	0.5937573324420686	0.34929896571299474	0.1283573006527869	1.0586808781651034	-0.24872191756599413	0.3785170895152277	-0.6437705548513417	0.31265822073700195
A0004	1	-1.908994926465268	-0.3054768767639144	-1.1807138080361397	-0.20779822416799967	0.303024609905526	0.6019929288041529	0.3311342176561396	0.11830985816738987	0.6034462046445883	-0.25296988425345834	-0.41883600202430654	1.0971961485629496	0.7301405352501974	0.8788503655358014	0.8136745283182578	-2.676861880964864	-0.9302241336139371	0.15003753565279276	-1.315594396152403	-0.3280210329826423	1.2724304104644222	-0.22233394990790567	0.38254867709967594	-0.01627323529414018	0.08717813654320923	1.419242420502241	-0.26755611406925545	-1.0417154937311444	0.9730125176954512	0.5687057354824792	0.6243339516892006	1.1402690405096927	0.1593290142781908	0.6482018934751188	1.1061685791014588	0.40661630740646443	-0.3711436973580964	0.6844252106201655	-0.13608830814105102	0.23465604570659324	-2.132299477737751	-0.7791907858146195	0.15922763656736322	-1.4241397776212674	-1.069673804785082	1.7952645766159876	0.6982472559028804	0.008439998118941886	-0.44422169358949815	0.5350042357270618	0.786700033196795	-0.34170666501636404	1.423119583154989	-1.1101404447453975	-1.2663101028878248	1.7824681584861033	-1.6455970619303841	1.5707999529116172	2.218127759704743	-1.2148479032664297	0.40015431187170963	1.463678944060897	-0.6679392670852116	-0.10153534153911878	0.49967219388191625
A0005	1	-0.23801778398706486	-0.1624485910865951	-1.6807127885890536	0.5454032633480658	-1.3030336351736362	0.22355775759520852	1.8103902666275105	1.0086359036856951	0.4924981993916314	0.7638907518260837	0.3103789163785945	-0.3131195993346761	0.9847176050422105	0.9678853683221	-0.16036629294195115	-0.20798838376244191	1.0451930345770248	0.3530583297468732	1.0094598912662476	-0.08930968075389586	2.301449923003588	-0.26589620808300723	1.1614481864388513	-0.3944592240212977	0.8544588530380409	-0.46703039805165747	1.1232866177269283	-0.18533263443834083	-2.3940385441759346	0.3156415188957877	0.05443521820295475	0.10851705557336458	0.21670662279489145	0.05746079135910591	-1.1262611152380275	-0.16998795812193215	0.20216722491943354	-0.5118260608928256	1.2411590360185416	0.7615153076033578	-0.11598242553145476	0.6525244027884185	-0.8858072281632569	-0.18683440752065783	-0.5865889428620854	0.1967922302804363	-0.1898772609437543	1.6705978767186238	-1.2526804269101852	1.6895221159854672	-0.992038588377501	-1.0841495990899113	-0.5844931474757916	0.8588547053039507	-0.2974927275913389	-1.3874999085581279	-2.503000092501148	1.137425508299526	-0.5158577283356294	1.9790411449641105	-0.501626374744499	0.4142906697690171	-0.5458278326201603	0.5413004775423431	-1.6890588989465984
A0006	1	0.23146189267440193	1.1099663429241051	0.5235464453265156	0.2781147962707916	0.10217190387019118	0.190044751629561	-0.43592858422845887	1.0552141967381323	-0.9731510862276932	0.28508246253402103	-1.4154334706928815	-1.4335552311374744	-0.32964722185618156	-0.6503521833563536	-0.7111554264729911	0.5141088131199503	-0.06166960508952004	-0.23746894863572637	-0.8470508170645277	-0.9320305730708681	-1.0366319759762384	-1.5881269993987819	-0.9449185115240828	-0.054008787887690056	0.7306276131013704	-0.9487742762157589	-0.9528015377222095	-1.7428670890542821	1.2271420426166764	-0.5024153157725783	0.512559448498857	-0.8980901247851595	0.18120165270696387	-0.7431241916766153	0.2133104356532335	0.04158023965676308	1.432098929971448	-0.048935904035286915	-1.5061486013933587	1.4085838878229004	0.22649391887935152	0.7194925716644752	-0.6608443305040179	1.3032136963961742	3.065265173012629	-0.1549473258685685	-0.9383793403956325	2.415017449118838	-0.5364675301616584	-1.8786883413658315	-1.6209516984581602	0.14983856933341422	1.1969624747633627	0.12540727509174812	0.4058785599533271	0.6940321388948857	0.7697859796993284	0.0463930214119253	0.9643539229372523	-0.5991200218213832	-0.2651346939979225	-2.6221569312898128	0.27318160801869856	0.4198309946907154	-0.6003727943660008
A0007	1	0.9091033739214156	0.14620590557884922	0.2574763396052135	-0.689287204174847	1.3445101584319354	1.5300344920205546	-1.0443499514486219	-0.1977284301297254	-2.3794431868380084	0.6667540139421819	-1.283160677320436	0.3102609915318933	0.2320910178102872	2.400648428373442	-0.4840409597981567	0.3462774141589057	0.03411938814394083	1.8688289636670632	-1.2200329025394823	0.06080651755605579	-0.8959275424994808	-0.10682524803088028	0.1712517718815655	-0.6712456710742456	0.018040331963381485	0.03723614782280386	0.8078075624964383	-1.0547376812424514	1.2724939542434264	-2.435735372185374	-0.36969794323505106	0.7831320623976593	-1.041098590989722	-0.5401397070673579	0.23240296259194604	0.7269959289889366	-2.135451600213733	-0.3255368800424824	1.083538181974968	2.2804760151707293	-0.3439058343627377	1.833361378006057	0.3942815491662347	-0.5597316521249542	-0.8924994033278715	0.6188456744889937	1.3585946754449123	-0.47122258074226225	-0.2541933405094142	0.7486174008458835	1.9799977900804635	0.48786356467271275	-0.20109772386791622	-0.012761208308235591	-0.10387749304317971	-1.2494484010168025	0.3016894177067934	0.6291869420215657	-0.4118158277054638	1.9993362352064117	-0.4859992651735845	0.6176205581018921	0.7815204202068413	0.032032763780611914	-0.3059297330969786
A0008	1	-2.4189601719895086	-0.22963692615613826	0.7011417141633112	0.7532682675270375	0.4392285379918569	-1.058473775621715	-0.565107611261632	-0.7264285626504254	0.5448558566922914	2.547336167405466	-0.6811539954937073	0.43289598813300256	0.8559416192046152	-1.2040111091770989	-0.39228632704347727	1.0977797462189365	-0.5288007959235017	0.3543324576516502	-0.15894643389050264	0.01177182569477945	-0.4107526780082962	-0.7304163760339528	0.6776201361294888	0.6328098524584518	-0.17882011582197832	-0.7970408539876511	-1.5460059846436423	-0.29423847308466555	0.022147148523924815	-1.6652889280843297	0.5072880320789712	0.9531019882528202	0.25155365037807503	1.8222609988126615	0.8704697001551006	-0.10575115548816627	-1.0488173148432611	-1.0523274974751948	-0.139980244674302	-0.9555230478967222	0.608423289322312	0.372605138160261	0.8733005354721213	-0.4144868834452539	1.3484526089910913	1.8025875958063171	0.29775363801015736	-1.487954418540081	0.9045273265618174	0.8056031309548669	1.263118923205283	-1.358888738508543	1.1208021697925914	-2.1379302370621636	1.1443521406704273	1.3047419031092649	1.7103073044187576	0.435320771334828	0.5186779967733569	-0.5764310801175465	-1.7606285835719224	-1.5744236097086015	-1.9499602125863447	-0.3959595826503261	1.015688131416038
A0009	1	-0.15569269318564588	1.2439335126136841	-0.9028420087642748	-0.09525742386418408	0.43729944564970735	0.8163654330785846	-1.8812717391385747	0.3285808390801996	0.2594401305581636	-0.5310111851463061	1.341396390358386	-0.5091161998244822	1.7799175657756559	1.1759768328333962	0.8397446297141316	0.6247310191686503	-2.532535251766804	0.8408977499348946	1.5405814374341535	1.6935023423545872	-0.09125399458091553	-0.19464373618926817	-0.28166594605777645	-1.145693742479953	0.22692196075730633	-1.7347678049521351	-0.09256386590973938	-1.051994888177505	0.6174942594553599	-1.4124703305962645	1.7011781962761203	2.2616466057818974	0.29315934280844086	0.743721668902425	0.6003410068615034	0.38257530246728016	-0.599297726319913	0.4542125008166798	0.9336929929523888	-0.0423478268367564	-0.12308554183052486	-0.2472608602884366	-2.1606974300205066	-0.7588973276132737	1.559653387881057	0.7295083390186657	-2.0554992091920403	-0.8831438409172268	0.06901396509670783	0.48879103048433203	0.7946498485380711	-1.9443604608590888	1.0423674311133664	0.6506024293123253	-0.5953792747624758	-0.17417290133603835	0.5005091035328318	1.2167088218395372	0.5265501451206787	-2.1079708166429674	0.18883590874707337	0.31266524869257334	-0.2255649321437622	-1.8789703099781143	0.8968889532794294
A0010	1	-0.5580294580334064	-1.152814355573056	0.06873604599600498	-1.5016469250664948	0.16488238453094028	0.5696806167987619	-1.883509390656952	0.9479668447485088	0.3855677139211234	0.6617143003475326	-1.5868939930131714	0.8476204544068967	-1.5530640894599033	-0.14310173302136164	0.08115136767941077	-1.6011057941235143	-3.948375841535515	0.36954022690565347	0.6467870459944091	0.525866306255132	1.6518691685796896	1.0950879456140075	0.640996209596209	-1.0635462363871448	0.19306341810689207	-1.2532212139573415	-1.19769340290461	0.45925231382156806	-0.6216988052656969	-0.8000314089112693	0.5938403004107188	-0.2634044332451281	-1.4089494870898773	-0.6677424032215423	-0.21037254516535325	-1.4659501107514477	0.20023735573774284	2.976506360894169	-0.8252982484801163	-1.8462643645027064	-0.3162853841345545	-0.8634664800485238	0.1384947899748838	0.5330327477940944	-1.199776753747174	0.17619100903317036	-1.4556013131401697	-0.12374952892673315	-2.230331303399103	0.44683169994791616	0.26569311411055624	-2.3189451784877444	0.5828744647359123	-0.10018653895835183	-0.6294750197423696	-0.1665705072149471	-0.31327592452277264	-0.8384658293687633	-2.4440242677920048	-1.4024304210445453	0.2783741238238681	-0.8855994102105477	0.045206325262523994	0.15357304639018207	-0.5362370294046294
A0011	1	-0.1305638617616431	-0.5752223406368394	-0.12469587432396158	0.29127328292433674	0.674593832752297	1.5628148878616817	0.07952446827601768	0.154932317561548	1.5365081244499195	-0.4859183660693153	2.3454183583924424	0.5468738331073245	0.4927653469464146	-1.1349403498890884	-0.5275945676139074	1.1863239058398714	-0.6142309067699088	-1.6840872642640146	-0.5152766325101457	0.36532214209200664	-1.1809463497001684	1.3359895161592805	-0.3976999096775254	-0.08137391651250293	-0.28887037252782205	-0.7387607767064409	0.31998197817604507	-1.4454924491595758	-0.3065125208523769	-0.688684693034269	-0.571015399110197	-1.4094709829685474	-0.5518567129941573	1.4851631794919453	-1.6157822741330206	0.8988471292778937	-0.5860993574004356	1.8062997761381698	-1.3182112119754732	-1.212231325269071	1.3234130234621388	-1.2944263381307008	0.070690244900707	-0.1345686194771369	0.5314172005227634	0.4038636778536595	2.0672377529641293	0.010769564592408907	0.9760142023589685	0.4477206405893771	-2.1186533868181874	1.2099345384671676	-0.21331192028961896	1.8975613223320222	-0.9558305314419379	-1.7916463276776138	1.5558756539379095	-0.6818049382279489	-0.7738104312295548	1.1370198375929677	-1.3966956090047915	-0.6962219507236845	0.3919851667517167	-0.5534500455675393	1.113113541812147
A0012	1	0.8629132611414584	0.969669493336848	-0.9295192411349046	-0.8380351713174093	0.23125858817434336	1.5137508331116678	-0.928128434814357	0.29297915954269765	-1.4349889139712608	0.4322569098716222	1.6375727312169124	-0.3756023927877368	-0.5297025503809124	0.31069889338376044	0.07449815379676987	0.4158822831477621	2.0064238288566516	-1.3518676470356719	1.622060335041827	0.4998993110535678	-0.13387018892029048	-0.5211940595578198	-1.5235147938231537	0.9692741511486901	0.7781144565613641	0.31674576621635103	0.9333514785496844	0.4940879699104174	1.8676438177783885	1.2257056481472028	3.221027870857389	0.22332121246755807	0.4350199468127532	-0.5936501909118045	0.6946966626912896	-1.029167749982117	0.8413105168119872	-0.6756071503290596	-1.4518506591414224	-0.8286457269844255	-0.0013425236976225509	0.3921973429434731	0.911443685333706	-0.9173361948505072	-0.9276395077761058	0.10298955508938754	0.1487048862095806	1.1025441731141072	-1.4016415358667185	1.6028588007296798	-1.8737924179286556	-0.05581216304438142	-0.5037057837567495	-0.22204914394127506	0.04201897979946172	-0.5270389880261921	-0.37322856166747603	0.7967161297130336	-0.7887750927404719	0.024920095879134515	1.3624146324575692	0.9100276913295036	-1.3699491490971494	0.966448588296171	1.5079170789940382
A0013	1	-1.5905053473893134	-0.5640747451807648	-0.930996005847858	0.6273251807533813	-0.6883998391326743	-0.04058770554341091	0.6479298850218729	-0.19023421957668643	-0.6711567547252826	0.5323788059248352	-0.266740755092645	-0.684851671861626	-0.5046659170476979	1.376460690058059	0.04713990267641765	1.7339557567288366	0.6435926148796328	0.1502355859822779	-0.5751422786216241	0.26778808615718136	0.5479904422204075	0.9626542991784589	-0.5136555667032633	-0.03519912157422472	0.034925370632153924	-0.2705497209245362	1.177092983179455	0.1928780316470131	0.8324705616624397	0.35369125851192845	-0.12456843635440548	0.41733331222577685	-0.5525244397040228	-0.5876544524534142	-0.5402903262474739	0.8246332387510594	0.5675183751352961	0.6302879865335786	0.05055847472836333	-0.4645226654657328	0.3394895799181192	-1.588947928184943	0.6619643835272709	0.5436127160602124	-0.6708051654391518	0.39052503423912344	1.503418904304285	-0.3696200537223466	-0.45848318779600816	-2.262703015946169	-0.4594575096633174	0.5055857538048579	-0.24360438357768033	0.45083374878541854	0.7229446644369372	-0.044011047731178296	1.4116152945897835	-1.5112362843680167	-1.4028987026494186	-0.6581592222251199	-2.050199993933871	-0.22926684997580885	0.2360750558711395	0.31669674637419987	0.09581938358994511
A0014	1	0.11588465450053483	0.5590466160881057	-1.3740606156250053	-0.49680356696016026	0.5443378924115508	0.9504021692084926	-0.02085270577850151	0.6296185351421285	0.19672421339657453	-0.6348488931632368	-0.04954268683912787	-0.8175614931519068	0.8294624609808273	-0.08203714215652666	-0.3369449770119349	1.5345213103545512	0.2747511320751946	0.2332020640006446	-0.31342385061066513	1.691496351476189	1.5203424452634982	-1.6432088098224844	1.0394740673085052	0.6290884870664086	0.03961554277379343	-0.9868575608345859	-1.0147652198508958	1.1956699808250175	0.20352856335470468	1.072796977746439	-1.4606372148663433	1.3337153156337576	-0.23031662776063982	0.5121994016712186	0.1360159232999465	-0.5657771333802549	0.4487816487564766	-1.7179793627525615	0.44985368048874536	1.0195021725366546	-1.8627066937791854	0.8166352948853317	-0.5827577931260257	-1.6472810867911918	-0.4009374284691239	0.3452050398042203	1.3242114575656516	1.4930315124810458	-1.8789388089095582	1.0082616345932984	-0.4903766180343633	1.2853900671753933	0.24469069631610782	0.34699981748055064	-0.570807141750262	-0.5184011182078219	0.4846321247104911	0.41978632157285556	1.206069533291508	-0.27995886441570805	1.108540903478964	1.0407624373387292	-0.25545142594926656	-1.4953887457994006	-0.3614738746817431
A0015	1	1.2270929895810299	-1.1155333200727915	0.5408613455331239	-0.6625531862012	-0.38383872446809875	1.5447005016816067	2.1113720708836183	0.9704865022625858	-0.004206272763100134	0.9191640413838863	1.4112192402808212	-1.4683743204671347	0.19182407360849807	-2.5293269803048926	-1.8212114555528085	0.5235158258438924	-2.2290233232002237	-0.10670649973714558	0.3107503827451832	-0.5349170064212297	-0.924751008447692	1.669768941831424	-1.0587173271376609	-0.13998000800201654	-0.4121721192371978	-0.6749118320372625	-2.0601122670619163	1.696757561301835	-0.6396670699353483	0.08162692315279117	1.0019841598544046	-0.7655563320091863	0.9655437722239578	0.12933492475548983	0.42704065930394147	0.947728779546845	-1.8560208505278024	0.7104054863977085	0.1072586458292468	-0.8502153739113996	-0.05691373584185696	-0.3417387209034863	-1.1004696814156925	0.35564739876055806	0.12379552544313238	0.4813233754799005	2.192620886275312	-0.01966433529036746	0.2586628220987102	0.6720476293772342	-0.36460829075851703	-0.30021444507743317	-2.988879598110193	1.1527850391961818	0.34585535814871937	-0.7303847364098236	-1.3051320723164184	0.010229559339010692	1.4353115296204293	0.4877662993629714	0.5684643862306465	-0.6725127644236097	-0.15670289603593637	0.22873167835509284	0.12430209203799014
A0016	1	0.02511319579305933	-0.16860535090100456	0.30248711193389355	0.16649038331328933	1.4772417154260025	1.0620777992049062	0.15369809765815143	-0.7303675835554824	0.7815373935464638	-0.5350559356584433	0.4569633757124954	-1.598493122892831	-0.7408155950644817	1.9538916091069218	0.6371899485440828	-0.3004341889391926	0.30649265133855835	-0.8947577807733946	-1.1817637464651822	-0.37589568592666495	-0.19190191636167725	0.7459473433720322	-0.04497991405107786	0.20316914050549686	-0.14305009576290206	0.6866266413100846	0.32526021621690643	1.218514145154749	1.4957853944146786	-0.9687224392141113	0.3437521538565276	-0.8045710147133907	-0.4730074083023186	-0.8081530655035296	1.1521732830734386	0.4526139124143176	2.600411467201091	0.42529858098253787	-0.4102538009402844	-0.19853420666619323	0.3152650138184838	1.444541745460876	-1.2635272157804915	-0.2254768106194803	-0.5671405375196731	2.3085641722622436	-0.2307008034101843	0.10766696086226488	0.738218847951093	-0.06920017968791856	-1.8985351974240592	0.7793262352797917	2.8901074334938253	0.9494947399906122	-0.9475384512771751	-1.4232377669951675	-0.20769836542932932	0.35215465091950704	-0.3113747834736602	-0.6430382918556629	0.08919634292432493	-0.9562407120979322	-0.24619004900542737	0.46942985490612704	-1.218508479067406
A0017	1	-0.9686887455695472	0.6099139455462739	0.1151668419760227	0.7005747871760432	0.26565713368846733	-0.6031246308228333	0.6537755545473694	0.38852420924838893	0.3882713817799293	-0.697592591432305	1.3396490881514436	-0.4298307185552886	1.979188681207051	-0.1637083540540386	-1.038028189213061	1.2394971836074489	-0.7026818966100286	-1.2506161902103563	0.5416869287032767	0.368532083963618	-2.7920855113326524	0.778699136044032	0.29619751299917635	-0.8517162441785631	0.22922484941823668	0.06547393022456707	-0.7759235104644465	-0.8316961797211072	0.6314728230583339	-0.4284442931433105	1.47608193859755	-1.378035600524599	0.6163038710895176	0.5085075747502237	-2.5027282965273265	0.7431992109818922	1.1313156936394273	-0.2495025325548233	-0.17728670700829463	-1.5126264074510405	0.2635835461381647	1.8472499124416975	-0.39098803157728285	0.28280401173957115	-0.9743054031392546	0.029112543396615564	0.43617957432837695	-0.12815089369422403	0.058597119109811885	-0.534909048337334	2.122053301407009	0.24652052031172647	-1.9054877435695485	0.7305766812188849	0.49250766219263875	-0.5160278561345151	2.245506739058154	0.2997538108946396	-0.3991367784557043	-0.2393928012729252	-0.6533001182626784	-1.4499163481915807	0.781955279160207	0.04588054016632121	-0.1001481652297751
A0018	1	-0.7648318357973342	0.194538732966296	0.6370009425895482	-0.7256272220339809	1.1971366579470137	-0.4021383133239767	0.5846521992766667	-1.4088894188669894	0.492956629094275	0.4948240632808583	0.18716625389215735	-0.9691578105060662	0.9629128381319254	-0.47800503778616454	-0.9598638522054096	-0.277269357481871	1.8213076045935226	-0.1290341157893584	-0.570762366845298	0.3966377917429635	0.3826749484587504	-0.27322064722314215	-0.2521172061076505	1.9693075869778127	0.2527071057156075	0.8115484425066748	0.4442893102309209	-0.5655863153824733	-0.43839875577183185	-0.8281027852718366	0.30599236952653114	-0.9446601205288016	-1.5794253951068695	0.32675935421068214	0.4997918140272427	-0.7493239506413462	-0.8109572854738522	0.1404948558054978	-0.8073454176723834	0.6772089412200585	-0.7256955330556359	1.57076319901505	1.4171711213960905	-0.42368760004785266	-1.4417591348272403	-0.9160404553098976	0.12611288120826175	-1.1112939645508155	-0.7767328813953187	-1.779310264162321	-0.6967152119353303	-0.32126933459817314	-0.48543668156930775	-0.5293900597983454	-0.3696507558154035	0.14554134788793135	-1.498975432579199	-1.8355100505655009	-1.3728327251965073	-2.127835234340061	-0.8413412233347728	0.7574202996593032	0.41853167250111467	0.26400690871766114	-0.7975174781968594
A0019	1	1.1809107338665612	0.16980517682915394	0.7976065709689859	-0.5218782579421565	0.5460419174000557	0.8068288081806722	-0.572116949940044	1.3705529106230134	0.5277707946537717	-0.8322836671987901	1.6071370956824456	1.3033625020431532	1.5515520795340714	1.0826422857730147	0.28659848390866555	0.5584764046529491	0.7606511613971665	0.567206166529154	0.46182359219597013	-0.08867965615898347	-0.652637309434783	0.4699913098326449	-0.40375573041746915	-0.3558227992577535	-0.9597233031482559	0.5630694896208474	0.14627288223418813	-0.8900658547700786	1.0458622037173946	-0.6428443468238042	-0.33768805167590044	-1.4239843650895048	0.9107828930208962	0.4485847176395316	-0.3635733068367938	0.9243725121781312	0.4856416791133896	-1.4138740817649955	-1.2378568226361555	-0.036158211383424385	-0.5348541152466277	-1.3182173025523565	-1.318384064065284	-0.1137411447841315	-0.6214254057678894	1.075618815708036	0.37045914413006864	-1.411964752909599	-0.3304599614478509	2.1708425308125308	-0.6413529600175298	0.4194523770106513	-0.9836573866780205	-0.7835466497322728	0.756577088178858	-0.3595794549650751	-0.24161204875128164	0.8567141913644662	1.2084968175721043	0.6451395724492367	-1.8339833522620794	1.7483845601564	2.5096024647032196	0.03329796368400909	-1.4614334802446642
A0020	1	0.44081202106530876	-0.2347544081633856	-0.39030239065229316	1.6675291821338105	-0.525720099895869	-0.35450153634003106	-1.0527265895341242	0.6942343381724599	0.9796709555645358	-0.7826864371777194	0.5060947270130044	-1.6344179155107788	-0.7809048603110242	-0.7008421697492344	0.6272864943020552	0.05636809860301216	0.30527905504811403	-0.4508067675733495	-0.28659612780611105	-0.8587240260779905	-0.3182133633555112	0.4159466403611389	-1.1927189983647188	0.9974343495587518	0.2928241097900026	1.3182163459847929	-0.17010317545997186	-0.6980825843136169	1.297027458190062	-0.05399648436205952	-0.1314306377498047	0.2284367984492159	0.2533752398327993	1.1386713881884478	0.05256766387097699	-0.8541959187440403	0.592317820443598	0.5291326701207342	1.131199909719877	0.07838062122698679	-1.706507998342488	-0.40767205843038296	1.0492309339619823	0.662793105508956	0.8600113723638655	-0.4366598976902076	0.6433641204175649	0.3059882081159559	-0.33807446531701507	0.8497629709054193	-0.8520502113692672	-0.717748673204465	-0.3309899300780658	-1.41157236883682	0.21318827562782064	-1.0206796559842282	0.886357471921369	-0.9132268809521402	-2.1015974908822397	-0.4882162025502567	1.888604077504944	2.0546968192710535	-2.2482560827210962	0.8553865813818712	-0.40469695346032414
A0021	1	-1.2270008097189014	-1.2249065651025794	-0.4337145868734224	1.068596326190144	-0.17504947105697574	0.9812857735068071	1.2890138463242216	-0.21219568811984163	-0.7220480704193689	0.23116568053028083	0.3005730792546456	0.22494040560912867	-0.20918320427155015	-0.8853816844956879	-0.8440683697722161	0.5206805450815116	0.8642148616818207	0.5479174151343792	0.4778918548053878	-0.3945680125125315	-1.0251974502755683	-0.5390537823534279	0.7338585943144983	-1.3734475068731467	0.14629485665948724	0.056537208502238645	-0.38136463877700505	-1.654553914031365	0.28531561038906145	-0.1545462780034985	0.16269351278548613	-0.8378762914286934	-0.4342839072899752	-0.17697963588678728	-1.9512198515196877	0.026189624560608832	-0.9810483542046045	0.006483608846205413	-2.169294841727518	-0.029841646597331198	0.1385257482172247	-1.02389092879797	-2.0749118532125714	1.0230658242339004	-1.2539650939111089	0.38167785211645067	0.2651005277235087	1.837208216446032	2.769388734342757	-0.46488683856034735	-0.7430868759164786	-0.1100345668962721	0.20454198444573587	1.5298266337947493	-1.3721783005381096	1.1035206241014306	-0.5412918839500659	-1.6594546766264944	-0.47025846502862967	-0.7760846478740633	-0.4087539375778975	-0.7101915519735502	-0.44917042791644	-0.4663038467720736	-0.07750815943963868
A0022	1	1.9358595256038342	0.6778115340176811	0.7522804130513957	0.2783226883043089	1.0118620071549345	-1.0500572891503648	1.0966823569557003	0.17513495247339378	1.1931510269776155	2.3202004684208632	-0.07362642395396124	0.8734819091069442	-1.4636501126915031	0.058536531957135686	-0.8528077543135363	-0.3284072177854962	0.21703356422566733	-0.414356825552838	-0.684968927940958	-1.3775012300328868	1.4627631233009686	-0.01916164083283282	0.380597713348513	-0.5911137588621833	-0.6888266139553324	1.575815619279011	1.4854716439209819	-1.1513667726906378	-0.7406489798653344	1.3181925894320654	1.0963705565154676	1.6855806467442696	0.3630889772703944	-0.8085265822237666	-0.8304604621368221	0.823703672971212	0.5692972512455785	0.13545217380548705	0.4754448899894901	1.1045365683711692	0.768818822126111	-0.7172781975009411	1.9285105125485007	-0.039786566581013164	-1.126791508443975	1.2439856868783907	-0.5997032373418184	1.3256054753324162	-0.4063181976733558	-1.116498749272503	0.17304826450781471	-0.05782083058219399	1.1980687988712269	0.737081119701617	-0.0014069992010385343	0.8734221575484478	0.5833244951097264	0.7881478761712368	-0.06101815877750263	-1.6286789848756245	-0.7237989948257242	1.1632112042940521	-2.0507604455501993	-1.0873880409481655	0.5615822128633284
A0023	1	0.16171433506961283	1.6684914046229358	2.2777200827936297	1.680636034958388	-0.5217779830921313	-0.4204869405918521	0.3605592794510542	-1.4129942318073072	-0.5615814559733674	1.152880274014897	-2.1981950222545295	-1.2361399244367517	-1.0013439031949405	-2.369096372536586	0.23343971375607223	0.8459034328313415	0.02191021273340538	-0.3814268446685521	-0.04224721098137617	-0.07659175261826093	-1.3623955057957953	0.9886740507750643	-0.2959516975817518	0.0869031423453201	-1.96638700938291	-1.0368061616105542	-1.7545732429131475	0.7737887598521684	0.5229680233158382	-0.33423878222451764	0.4101237343197084	-1.2817517771644433	-0.008070102618051515	0.3758676947087063	-0.06105457926286823	0.2884724504263431	0.24309638845474216	-0.8165268197746925	-0.820518788074373	0.9236063407326905	-0.1107314433690786	0.8319198122434776	0.970389224386004	1.0080866088014584	-0.6132566851606467	-0.2612348594183152	0.47532361082724817	0.3132708128243028	0.338883564125043	-0.25151122195458053	0.15780567643838203	-1.0080048110704936	-1.24247666896477	0.49107873992954154	0.05351876887585886	1.7657642295347566	0.15811640455029566	0.23087118519874877	-0.8857228274127608	3.7430594815379976	0.3198447189411763	0.031525906550349155	-0.6680715386850009	-1.5396532531963467	-0.06866378137402768
A0024	1	0.09538764288448442	1.526568510100466	-0.5597729417024881	-0.018395621677932714	-0.2193079952916077	-0.4914219710378823	-0.7653986318394935	0.800288704056458	1.155429368763223	-1.0093173760414775	-1.3014522302850036	-1.4668783698543189	0.8551076896894788	-0.377108782370629	1.1973419565502852	-0.6801909391422997	-0.45652579028947343	-0.15758598076117203	0.08989218860195515	0.05785129715915266	0.36767976764874044	0.5545773233404446	1.9692972790268861	-0.25206823295194547	0.739852709019469	2.0703825759470713	-0.46235314787429843	-0.6809335057265703	0.2008043427248782	0.19911729083501323	-0.3842692460151232	-0.6547793232289766	-0.21457037727374748	-0.23084670063358295	1.408910654764623	-0.6601670017836405	-0.0917843280289999	0.29448912460665966	-0.0703008745291241	0.4009999425600803	0.8073943469772221	-1.3254251577230745	-1.0455797178734345	-0.36218962957974904	-0.059460306069665694	0.25229158527148915	1.8258772305180475	0.6442925574820142	0.049492602259824214	-1.2211108018263608	0.5051928908621737	0.5026213098733355	0.8642650057346014	-0.020405096034623874	0.7919154534530767	0.16318158348391856	0.4949191251379309	-1.2167509051828038	1.662524399232688	-0.07254236600500798	1.2063500770486257	0.6377084094472899	-0.9387012933762504	-0.7307501515181924	-0.9764404489835687
A0025	1	0.18788401677606534	0.3570440162197344	-0.13662394539106804	0.4481406730656554	0.36538528969123524	0.3823475861902752	0.3358562777012617	-1.2859524403326084	0.9156330580370806	-1.062527501021249	-1.0914335244641342	-1.5763581898237624	0.6795549965649108	-0.9971978101634287	-1.3641456353704289	-0.09957654409685242	-1.1657000118800822	0.6081872696041598	0.10287618140768999	-0.6425048156193685	-1.0563480474630689	-0.3139173082706968	-0.5445507157482015	-0.05995447952752239	0.09644405879712885	0.07396464504978129	-0.5498131675690159	1.8396362102791102	2.099084665592738	0.4417444648754713	-0.5189787658407156	-2.5350360624363217	-1.27680218369517	1.2863313014790234	1.0411981857893344	0.8625967208012956	0.44951977954515315	1.8453258638541494	0.37694845796501386	-0.3920814279582814	-0.5439790655815411	-1.133071322977521	0.7685789244477144	-1.0242187858277287	-0.014732453263894192	-0.45487083922469135	-0.03000039599780976	0.9593210717520354	0.9406058664053735	-1.3951074568927124	0.6178466963832342	0.8066467997232939	-1.2619778210576795	0.9729747307169238	0.09600849681427283	-2.149784386103938	-0.34235399301838426	-0.5114541772319917	-1.410221785734282	-0.09976002978080804	-0.05618193630203975	-2.2906183684001244	0.5361689715632946	-0.827622943135411	0.7493571588633846
A0026	1	-0.05173653880777293	1.8800866409336576	-0.9016666765279732	0.4627404446289114	-1.9806940099636747	1.031235672435088	0.34972527834210704	-0.3912512789829582	-1.6027497462257123	1.1051139981726381	1.3118268033706992	0.8025000301150153	0.2760274748051728	0.8405306894962999	0.6121346331258142	0.7830905983249447	-0.17950078306447784	0.1914691881487932	3.1990786933437922	0.3251926808142199	-0.31619409781624946	1.4454726495668502	0.5952666374329926	1.3454343793342731	-0.2461109259802496	-1.622171417110217	-0.02884117541629896	0.6523935260467455	0.5465016015138084	-0.6053622928140033	-0.15533162751871024	0.4381812291671578	-0.6039073731777632	1.433654053314079	0.13414830840217498	-1.575763603045959	1.8077830651346496	0.8721813147013546	0.7089870598331588	2.2842213105070925	1.0103923126642504	1.0060932276812744	0.785495790256131	1.6398793612027818	-0.7082293365349186	-2.9503965436957666	-0.6765190804000059	-0.22944527365016676	-0.7457506701891595	1.4551419833448036	-1.2431168860342177	-0.5069191904384623	0.683252466480866	-0.7528749764755384	1.2235465732279323	-1.1102914782959399	0.454816309568976	-0.7324721730685492	-1.317843565011956	-1.067198315279023	0.7972930264915845	-0.318319281989657	0.918945840239698	0.659611325314092	-1.1314771415869254
A0027	1	-2.261554973987844	0.309236583436363	-0.7571726982602791	0.5543279018715187	0.5359055337820146	1.4603215659724202	2.8838364019976903	1.1797720683705781	0.4034489103261914	-1.4014454386528488	-0.23654255804127813	-1.096871083814569	0.6336345066019426	-0.9552526681543952	0.7401882691956139	-0.4447645284388572	0.30179669805383463	-1.0988543870674647	-0.6551992007224895	-1.8015772845444178	0.4873812052534399	-0.8723681125236251	-0.40595425242813304	0.968433610213441	0.25988110771543776	0.053406274986843943	-1.7174620984253128	1.1794577451633486	-0.2120487796227711	-0.347810722632018	0.7403377899829919	2.118016351300818	-0.25690447666801075	0.8408979277516877	1.4902033864502058	-0.8180405583003428	-1.3489111082073726	1.0586834307676352	0.9237680180534363	0.15970482299300376	0.610966743677462	-1.0024834239461484	0.9282037992859634	1.5833568985348832	-0.1064439752501624	-1.3195252820475103	-0.663064333733982	-0.5535383188163594	-0.3746356126522266	-0.016338878964351218	-0.3068138917283191	1.7601764766880967	2.066813913605542	-1.6053429215909392	0.18476507632133463	-2.098072847331407	-0.24108502238179744	0.6107269964639302	0.7976767080579781	-2.619242948801407	0.3828669552047495	0.858086802122528	1.586181225075726	-0.678562774778816	0.9319279735698601
A0028	1	1.2842273478402486	0.8795313455102134	-0.2229766683895375	-0.7412564851304839	0.3338602756534506	-0.2207311411360053	0.8258587966183346	0.1810138919119509	-0.5893958359410593	-1.2296162028192321	-0.7002935042524138	-1.546477646564559	-0.6621748283475855	-1.9957151194445335	-1.7084391731834008	-1.7076325701392023	0.02614399053713825	-0.2872744141191923	0.49010946554508034	-0.5378558993685327	-0.8947532423999534	-0.4822890095746638	-1.3142331725098828	1.5061314713453142	1.2735340312563603	-1.6392157032950243	-0.07455242508641566	1.2190163318699292	-1.4716134554852554	-1.5812228048352277	-1.0365259874150894	0.39440777268265986	-1.4307628924987628	-1.5026152920417253	-1.629120805252502	0.6886059258704749	-0.4532861530955809	-0.9704724687964584	0.025914685921510607	-1.8898437963286132	-0.6236883221536446	0.04420133946590354	0.41347318949693884	1.6475851663013141	-0.10160364493318078	-0.741574817355631	-1.0139894105113882	-0.8471605592289904	0.336482835859074	0.6107377286326037	-0.33511209548009124	0.42725107663426676	-1.0732002750314766	-0.7702809489091761	-0.9285894580589302	-0.06625456002630024	-0.06347279827281511	-1.071938568255153	-0.3131738033547422	0.8927235889942429	2.4265749281427995	-0.17911257155619636	-0.6762504677633201	0.9933071920272172	-0.4814661754713637
A0029	1	0.0025815146408004826	-0.9244910607638488	0.9541799946260906	0.44454917344384826	0.3843085112644456	0.584677909747116	0.8484159261150294	0.2977975692459442	-1.5197711394275286	1.2514670087382653	0.12245717256754998	0.16437916366078312	1.42123916357165	0.6654282523586471	0.55607850079636	0.8442344332657171	-2.6264733763328194	0.6021486148033649	-1.579458440945874	-0.015134095005711815	0.4793093580038659	-0.26992686618106426	1.3623764901008244	-0.3568370627390655	0.6942563064362108	-0.875199099254204	0.049128171990742785	0.7294293916364963	-0.9283831884824221	-0.2638039221188918	1.1455551685338023	-0.9676514225998358	-0.41241243361823	0.7248133502062944	-0.30216412140477183	0.8024589417598506	-0.6530140400766014	1.0159435908296823	0.4814923056127483	0.5478813589098748	2.5722329731757583	-0.8709197281498675	-0.257860872148715	0.11784649083063796	0.3167362565526406	-0.13432342528775182	0.1702598555174322	-1.4929792304191905	-0.7768466441324912	0.21731442327588976	0.14676644274938733	1.6169956162008974	-0.2251291233751303	0.5166896481649037	-0.7936582777815564	1.086455730252103	-1.1019442663042114	-0.6896454362412455	-0.005080531564568617	-0.9343686922589447	-0.6015894832408891	-0.5347756150826114	0.9128465411406994	-1.846836519873148	0.4255135675001043
A0030	1	-1.1425659735875218	-0.15308071038546722	-0.17644942603572292	0.09422730881799747	1.0144018105728974	-0.1371207561896469	0.9054352873533906	0.7598142110044195	0.08364571305560592	-1.3014654907599694	1.4667469375620503	1.0838429482839353	-0.990882013242315	0.7393962618920662	0.5544393159583806	-2.3784667373957213	1.1119311294161096	-1.1359743221087033	0.43636358846698853	-1.290458090523863	-0.5536885311704002	-0.21125336394031707	0.02396638612845312	1.4110219012772633	-0.2078709552339672	1.1198681298460667	-0.46794767546543503	-0.04877678748377809	0.45826903397058916	-0.07864423141058244	-0.1225079977006988	-0.9603356119272387	-0.9275798200243657	1.219207772148969	-1.9728737248657824	1.2167071753081788	-0.2519541555047682	0.6583580882968613	-0.938879851207779	-0.6891237592716428	0.7907574253942182	-0.0008823801995943677	-0.9197713331178909	1.6762616246093527	0.1901080318148704	0.7115878035657361	1.7847779483178767	-0.7898805775804764	-0.6659698404302337	0.7701281925037206	0.02959654885774802	0.46612082945139816	-0.23175913342492388	-2.600421767987938	-0.7375566111353662	1.1356622045239024	1.6924850181094817	1.8540549398890087	-0.10221098803424501	0.1351088914431441	0.001415345306731972	-1.4186017089820246	1.9231538145415514	0.022477108337961148	1.39895897401251
A0031	1	1.330873522532267	-0.5916859961839326	-0.9341987832540573	-0.007292416594726859	0.718207594335905	-1.545643250467054	-1.6272668881344392	0.07486367415813917	-0.5941690206909299	-0.9215069683574905	0.40798897473643286	0.191329038073168	1.3834252266176343	-0.28362510846727923	0.8422679868002875	-0.6154283702844145	0.2663795607401393	0.8386707828664213	0.10475344041952606	-0.39587843615858476	-0.5921923257035452	0.9216601989592768	1.688767118965682	1.7055548031631176	0.7020976359570621	0.500047721717725	0.9786973123415269	-0.6770529243147281	0.37719938876103143	0.38499531242511337	1.0288323664726802	0.8412480752440519	1.2891395437960096	0.39991982551145105	0.030734237581827657	0.3450947116086009	0.18876607338208498	-0.019280802245588972	-1.402628411231944	-0.6715591975775049	-0.43344713104709437	1.2538357851081419	1.1395222441933874	-1.2964865837769346	1.6410250338260466	-0.5070321350917772	-0.19577281508816047	-1.0224562827212578	-0.7973984925281331	-0.9274818000263225	0.29161634241472667	-0.28805078069390055	-1.6183752377928042	-0.2096041486616977	0.3659535270299833	0.16670673965201774	0.8484586350524128	-1.5819549180138621	0.9026614083943955	0.8731880080020413	0.16990618768529767	-1.3076069783396231	0.6907642012806401	2.314539078494092	0.5320650668552684
A0032	1	0.739204250693274	-0.07789494587570356	-0.1237885593797799	-1.5757406269058094	0.31881317950959853	0.8312837661073529	-2.215719129463018	-0.49003000535969005	0.8091816912007285	0.22719531698849457	1.9734675741757823	-1.115261057737183	-0.8150654525289672	-0.4320091059071279	0.024947977135684637	-0.5999667422485945	-0.44633164986452745	0.5289364796745093	-1.5802669752857235	-0.19219654465412842	0.41253101421763816	-1.5352072838263813	0.6356075730805596	0.287205420298163	0.6538084505677757	1.1034909877871277	0.6126714516526619	0.048401345355311	1.3235936069734224	-0.3893435573683454	-0.5207425014488354	-0.33591245922450463	-0.1580926778969496	-1.2836501996054281	1.6095840481906074	0.4673864172229309	0.07113207026521273	2.0978277205807148	0.1698549174394522	1.2088174034250934	-0.651260956778642	-1.0036728786069717	1.7271172045418317	0.4012739161178163	0.9133963616557493	-1.6121832435096084	-0.41782204853249394	1.0026949974732016	1.5335300895873238	-0.9499766275769846	-0.6476581806194945	-0.8676736363512441	-0.16990932523803162	0.44677556795597745	1.3546133253422252	1.0015383538567182	-0.09544056771210299	2.147562781990232	0.1914200396627564	-0.8275245370120026	-1.2089611901586268	-1.7911321410351488	0.6941649887879459	-0.7336045851168753	1.0137761026451428
A0033	1	-0.8597290745271058	0.1545165261524492	2.5399420222232747	-0.005352732261586622	2.387789097313783	-0.9247370749644884	-0.4513071017221948	-0.7672865867736677	0.664837654613614	0.11167196068760461	-0.5445591155862552	-0.5691903323187999	2.7398248382668244	0.3332342671899868	0.20817974019909574	0.26806548502931904	0.7568411019241785	-0.9130692133300603	0.6511719597686315	1.1786943686870166	0.9704390395133378	-0.704234299246085	1.2859920589473541	0.23943128605082623	1.264285802049921	0.6701931107429693	-1.2012789096988044	0.04037950306642678	0.01647596358830064	-1.8800683562594915	0.715477544942152	1.0946146927307132	-0.39825011446639436	0.3487718543626316	1.7024290726003175	-0.4489206784732878	0.47767312881979074	-1.6632215241280752	-1.161790834974895	-0.11118286666249637	-0.0955146060685497	0.5368780147722433	-0.37812753365687174	-0.18590303335802605	1.4723472946875513	-0.5226750672091014	-0.5559063888403608	-0.39682586282620513	-0.32139264591900246	-1.7215693333434001	1.1627791012428284	-0.5899938954746141	0.9954858458045497	0.8733933070042483	-1.1331996694016664	0.9474433333710328	0.9313960319224533	-0.10202873946597292	0.37905392940596666	-0.4490638048373211	-0.6381658316436752	-0.10298997058568572	0.04513880641150814	-0.2985912994349847	-0.942624955766693
A0034	1	-0.2651953221080368	-0.08234129644158787	-1.1781284070219133	0.03367525532612874	-0.8630831002097614	-1.6471269228841987	-0.9262226479044302	1.02549066913065	1.5346194882421171	-0.9364896571595485	-0.7762624718298998	-1.6878631001179896	1.0716665607981746	0.11083856485151371	-1.0118610376892683	0.5888337408647597	0.4230367394858145	0.5538870612733221	0.4642241883486942	-0.790072852085669	0.6586383407716208	-1.058860376880589	1.097889260604952	0.8939232834451261	0.269172586911154	0.48803228078296906	-1.3295045339785425	0.6454742621228341	-0.4686260922848018	-0.007926119357308848	-0.5396651455497319	0.4520327230994444	-0.49621250823240665	-0.24450476371700108	-0.8069569813036535	-0.6757535509479385	-0.16456790358163761	-0.46032259740645537	0.48493707013610565	1.1860863253248053	0.04615086482743408	1.4774745173343997	-1.05299096770307	0.8554247112718371	-0.7827479580307706	-1.6982021637737639	0.6996106876119473	-1.073305878486055	-0.7938992010424953	-0.13928081752108518	0.17924976596381598	1.5856033009772057	0.26258784100356797	-1.7725337415161293	-0.05109093400651531	-0.7376844747430715	3.0314074969513944	1.0620792008469682	-1.4929559869316278	-1.1520078928418218	-0.8043961398382125	-0.4830787879176529	0.7130307223249036	-0.6942012705692863	-0.893434203218271
A0035	1	0.3978773851314592	-0.24300698233357107	-0.14415676370905273	0.32439649130780707	1.354866364165315	-0.36794926462411043	0.43197553265567873	0.7095494128279061	-1.2236137534968377	-0.7025784979937437	-0.9148120878222155	-0.6861338456502064	1.5377357487155239	-0.39157559197286496	0.10396826639741509	-0.5125386909504288	1.1310350253803128	0.46701400979242674	-0.29801025976734397	-0.6077478176793205	-0.8964146634676181	1.8030100072692445	-0.9163966133955894	-1.0484774539982977	-0.1300925082668263	2.4387505240038863	-1.5709033418663039	-0.35871525209266836	-0.3039441937848976	-0.264044544657625	1.2303085569490393	1.3769887915789645	0.48897811442811706	-0.4271405984051022	-1.2713308405659207	-0.8776566065042692	0.9253551806631278	-1.2794267170625095	-2.7954308931897818	-0.4037219261587595	-1.484436298236776	-0.47399510955403434	0.18128239843946115	-0.49954362289801313	0.5940028691128033	-1.2943324397443894	0.5773193092350846	1.5616381215147193	-0.41044027800158195	-1.1559703461382393	-0.5422783014076907	-0.3488160571180412	0.05175082291147166	-1.4361991627701536	0.06772293007749723	1.5412276087080816	0.9749067604321413	-1.1408237552547222	0.49559016171964776	-0.04319178429030511	0.09522744907844806	0.2967608817514857	-0.4982972564231874	1.91711793546369	-0.537939484922315
A0036	1	1.4368316468731979	0.06787078321144854	-0.4314453631355635	-0.08718748434570656	-1.375886657776029	-1.0684843613305444	-0.34577180597598234	-0.6205171408974834	0.11389033941439178	0.8819047246725068	-1.0267206735678125	-0.8656742830866789	-2.2823469282840736	1.3620327308117812	2.0619200361077223	-1.101807794577315	-0.7074528752384253	0.6314005738615363	0.8887894110461975	0.8033052095560286	1.3862726191836627	-0.8373231639418347	-0.4018735262910992	-0.16868539976812852	0.5700463272155388	-1.256902079644899	-0.3318018409686836	0.9081464009979809	-1.0561347515399433	-0.5332373643684332	0.012237814290427614	0.26694841777412454	-0.41772596101620874	1.3807289851760616	0.41242149975206216	2.07816732095865	1.4836816566327204	0.7923622034436625	-0.5267776336831651	-0.6793928316725993	0.16473426169534983	-0.7805797822221449	1.261954270131013	0.5699031291565809	-0.4480189436940544	-0.7147507405489999	-0.4186248939332276	-0.8898911121444176	-0.06629838135901557	-1.2336564552786835	0.8625652295801881	-0.9042536214230333	1.0488306069425761	-0.5755654892448804	-0.4752264446442809	0.2611504297902118	0.7669859592792493	-0.004702902798077019	-0.34717937483551864	-0.6419647046849819	0.05205110644982918	-0.8998890824507663	-0.49706473796436923	0.5414804165716798	-1.7848692416806804
A0037	1	1.0579567888760626	0.08503380880570895	1.437114373509913	-1.2692687724282592	1.0135147918950362	0.6496393919027835	1.7734803051508663	-1.5350281105111196	1.122131360717613	-1.3804013243629636	1.112135702181355	1.0409335963092836	-1.9296393003167522	0.693429565007875	-0.6215381427068198	-0.8349671931188992	-0.15171745693056213	0.5583721719618199	-1.4111893987846447	-1.943312892933896	-0.8388326396470431	0.01910571083378026	-1.39257302852023	1.123657458842868	-0.6649334242832958	-0.28804722640984454	-0.4148610746204171	-0.9296495463669074	0.5695853956714692	-0.47070806841915214	0.7962850853575154	0.06620338470683818	0.6007115324551825	-1.0093920172228186	-0.8675195263550871	-1.0836355657926116	0.8159138104749017	-0.7108836873983337	-0.4076574062463151	-1.2604848235258506	1.567788847194087	0.4568806531029687	0.4241149623202367	-2.4410189718104767	-0.11921033484295603	-1.33314839497685	0.5019335158700213	0.3513913268699038	-0.2702779938977424	0.5625842923244624	-1.1735666832125193	1.5542609643428968	0.5612106222455413	1.485725361128003	0.16846292684498185	0.6758070284008948	-1.4470408896891913	-1.4727087400733962	-0.10999673809199456	-1.2052179458890913	-2.118596504224352	1.4706959669054793	-1.9915460900625768	-1.3030003231294982	-1.5463156204125035
A0038	1	-0.1593757751922442	-0.6091791434762128	-1.0461025098876495	-0.755007055772095	-0.03990941342164087	-0.5981705859410767	-0.03356140391877932	1.1390696362539146	0.8258972823536392	1.2051293072898284	0.6401432081912726	-0.23039537880306388	-0.6378014260764919	-0.4460214257697222	-0.8550064731803724	0.5019670713557747	-0.8797240455867114	1.2923288884255433	-0.018654365351478786	-0.8063754052505013	0.043601575726177184	0.3115468422756695	0.2855496175204361	0.042250646167569336	-1.115014424820716	1.5230221360954312	-0.23250729902920453	0.29667201452497644	-0.1319833166270671	-0.9821629989138025	1.77807853238973	-0.631400134772458	-0.021880829601017324	0.5486398379287777	0.2016194898472907	0.5831970577953609	-0.3302954218369541	1.4096378563037801	-2.0038956296730017	-0.8289100304962718	-0.741232253809171	0.7814262718741322	-0.6488381939364652	-0.740750135423582	0.4153034525906922	0.7844435962857903	0.15124861881690424	1.3500679036617795	0.24401700335955018	-0.19193961708441976	-0.1758286856395753	2.484571147050464	0.8003225837796978	-0.6817359944772651	-0.15876247647513622	-0.22748587912520854	0.5248895674077858	-1.6648229609422205	-2.3159009055112847	0.7910316178640268	0.22309296382434166	1.3653100879274858	-0.12129020869007959	1.0858346947286956	-0.8792527657559303
A0039	1	2.7294919434492395	-0.25194569341270506	0.12047153154298111	-0.2974362577938976	1.5357488704949787	-0.17875880605793806	-1.4028233259267044	-0.6197745906368737	-0.1806270989947145	-1.163293255447175	0.9124092876703064	-0.2662538236147092	1.0851133107200555	0.49559920563949544	-0.0879262180857637	-0.4490460644656948	2.028124204043963	-0.6417942062404773	0.9586167907241253	-1.7072582363099105	0.30727512280102726	-0.19128578690992712	2.0831715190804445	1.6931588512299187	-1.085423093939235	-0.2675973733180239	0.5966681271630612	-0.24332721592435605	-0.31296170403144236	-0.6247551210016782	-0.1505239079115383	-2.1950356120676893	0.18038308777743114	1.1364343003228283	1.0067934642715008	0.7793164067428608	1.0512256614368547	-1.327585816332959	-0.5769209639011926	0.43629180685251706	0.6929214822098575	0.06745408737484597	-0.7613982962987306	0.23228492009804022	-0.20422167888665066	1.2633072698586736	-0.28985628488508275	1.722045296185518	-0.0954142610984698	-0.6321756964201055	2.103492900365435	-0.32515875943365957	0.08716843403482882	1.2728780692361616	0.1739930124500367	0.5859647474222995	0.6572010550168994	-0.039773935014728826	1.8224072348168316	1.5948863303444794	-0.9666306131447899	-0.12141667721622561	0.3545867419304061	2.8757232670698576	-0.17106283657199503
A0040	1	-1.5140419371411773	-0.8783832841727575	-0.7819733921183801	-0.17468253857523194	-0.18975068948508877	-0.7971533089784768	1.3751913989126416	-0.4933782886881425	-0.09561413726558439	-0.8584582740287445	0.9330136652757164	-0.0015518862151692502	-1.1374221286297483	0.1291652183422907	0.7294972779873125	-0.9190811474473981	0.9879025715474384	1.6274388965815771	0.32083128390994875	-1.176330524307317	0.6470638632072774	-0.41202108987677843	0.9545384851426432	-2.1308242651624245	1.644082980032525	1.23623436819189	-1.3821316704825983	1.2766611718286303	0.6225106034885973	-0.08985445160532073	1.3557079899673157	0.5056010629543675	1.452734268093838	-0.40697092133421664	-0.4340985648766507	1.027616090525447	0.10560676828293883	0.8659922918762297	1.9515059634428529	2.358629504363614	0.17471490689197655	0.1687107052647151	-1.6366636212913537	1.2110735082464705	0.5208231111447753	0.6789864894316411	-0.0364896805745786	1.505823783862606	-2.450145654976889	0.7682814541838496	0.030341990525980116	0.0510270002996747	-1.3770249186465904	-0.8059792862615082	1.0486914331450896	1.347833023502747	0.17105058120032807	0.6709200211872152	1.610403778069165	-0.2441391057520255	-0.28336874648616694	0.20916831956185078	0.8415141581177356	0.4046314323443326	-0.26121662656092054
A0041	1	1.1894866715339432	-0.8628614424297112	0.2829177924046571	0.3150895635751535	0.48985348226031966	-1.0129190422873502	-1.011536302582049	0.7695140958523428	2.6981409998005628	-0.2661285622723529	1.0005721820618365	-0.46703069744463566	1.510029781328189	1.067886686045662	0.3675610294095202	-1.3130948002846985	0.7585481241639379	-0.22599717725762	-0.3640340202469673	0.3424144601488766	-0.21199980898962245	0.13638217759916718	1.9826907740596014	-0.3450006148624658	0.5995407825647053	-0.05845841363901	0.09281758332053562	0.383408182730056	1.1765544480328782	-0.7651777315698564	1.4885778122649282	0.20639402162136175	-0.5908201937271151	1.1041263190761603	0.011672095537550126	0.35029283496648556	-0.45968486791844293	1.137448291590795	-0.22719612254993374	-1.3247984244730626	0.48545659299962607	-0.6431264259016723	-0.41290823500747126	0.7673799647106689	0.0654747225157916	0.39540965333912576	-1.8841616585030265	0.054634874681160676	-1.075078789214801	0.015381010619216554	-1.7969588876839997	-1.5901450693947428	2.353555847176303	-0.5736254718391031	0.24860600429524182	-1.9281277498376406	-1.2223981280549445	-0.2934171993474885	1.6385156225788051	1.1008658616965061	-0.7768015968857569	-0.6083570041547758	0.3047178914270172	1.4837101814543916	1.1529641131512907
A0042	1	1.0321699284112902	-1.29407321567889	-0.4391971159695814	-0.016071738705646304	-0.0548996303249091	-0.645389156010163	-1.0157075334965935	1.0281959996351853	-0.5364814914316551	2.3817888960124978	-0.02401889809289755	-0.5776172044844241	0.7726446407107073	-0.49899666994176767	-0.357150060401334	1.8060629330030569	0.9891447131621856	0.019543487444685103	-1.4193885514244844	-0.3438225697785812	-2.192189791573345	1.1811358586699388	-3.090233359908838	0.30782702703693615	1.6202590976523625	0.6925494100982112	-0.37460937494247554	1.0353694044464012	-0.1729801247421448	0.9526582967387083	0.02181168825196325	-0.22352785239687747	1.1069573523507246	-0.37081256899053416	-0.4656176357674842	-0.9246080289245453	-0.14758109682387016	-0.08593375834599688	0.3066365655420746	-0.06657848442724743	1.1384395061638435	-0.4812293410818996	-0.8627393625609812	-1.0636906084873303	-2.5601985830528973	1.4378505703419104	-0.9773615730465622	0.6997365503781411	-0.05086647854813822	-0.5268010439650311	-0.3493013138976533	0.7935679944273677	-0.17499391965449976	-0.37283362843782414	-2.0531512777665513	0.19232195351271442	0.5578379561398065	0.7788820129338736	0.5857547674281813	-1.1486950599109345	-1.2757591010329212	-0.4516034302806778	-1.9188198445700528	-1.3611773599044883	-0.8891621825679008
A0043	1	2.755854286454638	-1.6593665489260128	0.19036110954940538	0.2302339831374772	-0.5063213982205936	0.8019524652812504	-0.842733561739319	0.10740400202076442	0.5531936720066245	1.0237247629226498	-1.1729149727901382	0.7355153454562695	-1.3344504087422437	-1.0079293958089022	0.33086917111067043	-0.1653703548950859	0.5717749147233622	2.9828687573527546	0.11143573107852753	2.8985919543596186	0.22975192029842118	-0.3824384872103614	0.5757704590663898	1.6574381352255032	-0.5130638814148767	-0.6701820505983677	-0.06767930014309252	-0.4128835136956399	-0.6063138777330624	0.1612262611365594	0.38169597646931513	1.6851202523234332	-0.5465433923710402	0.8308712625626549	1.0630361848306096	0.9920070251758207	2.4581236882317645	1.1754692651064864	0.5183423502234049	0.8032162483152916	0.5122782834152227	0.8812627960128099	-0.21673168398183135	0.43731561907347805	0.6336391939834484	-0.31063738065914426	0.9284807862999321	0.1664541645145096	-0.02205296437536256	1.5885094095025045	-0.8163072960350477	-0.877498939246284	0.7046902811751998	1.0696077331458773	-0.3216039544852318	-0.3312016112251366	-0.09964788601451759	0.07564530201854211	-0.0542469625980827	-0.018370180262129273	1.7179657502802428	-0.4309739251257864	0.6987636858282381	0.4150144435737301	1.4232189295851068
A0044	1	-0.4460270150301767	0.9244535631993458	0.663418325413047	0.5401707125774847	0.6614646864129297	-1.755273421526117	0.8097510391563856	0.31422979060453543	0.057137090982299465	0.2138709164801263	0.7554805199875356	-0.5213577741814642	-1.0320100690837282	2.007999801028523	0.09025524370975872	-0.22824719783442546	-0.8559929751282832	0.29662647209255183	-0.5349346642606063	-0.4551153671104055	0.44635694294369954	-0.560163403392879	1.1791785262136205	0.41252480644034006	0.19965030290009375	2.28154518101808	-0.25131677393475094	0.1358888788184823	0.45547023099133965	0.4023695821124986	0.09619633659866675	1.5224720650246302	1.217817027107784	-1.4625101349813243	-1.3146854994332497	-0.4019308197469921	-0.8464500962996202	1.3326847905537624	-1.2940948466638231	0.16082602673282287	-1.036826975189297	0.9065535945018782	0.03674533503342559	1.6224005163354045	0.20336602256471192	0.27893704474354314	0.41398126034195415	0.7689898975703775	0.8362814626708974	0.8102761046894564	-0.02177823371322198	0.1540196636128871	0.7185709109816218	-2.288565925479636	0.37167355414125397	0.20859980360251537	0.5109067037883004	-0.7521290337978905	-0.3652714981607264	-1.9162498496610338	-0.482324867956672	-0.297901045403842	0.006352283211144619	-0.8741384238336231	-0.818213603064194
A0045	1	-1.2375829628239994	0.5433921429833002	0.12671738640852725	-2.2293453303963284	-0.8489384978732274	0.10060367316165271	0.2385499071267243	-0.061408176520355816	-0.33053142403205654	-0.6230584363713049	0.7885714795238847	0.3676686397592075	0.7136683382098828	2.28358220566053	-0.7565394253750711	-0.5577417035095418	-0.14088936338046007	1.9290347770856004	-0.058029900942568914	-0.030628381137658575	0.8262807587423652	-1.3615051907976115	-0.6331513254232135	-0.3132251147944982	-0.8528098890700188	-0.007646910434397276	1.9336013094872877	2.126584868805708	-0.12849852850861207	0.20531330329944952	0.09566575322341164	0.3292424235380313	1.4619202686482393	1.7837622028800508	0.32952562486095727	0.6260261032832072	-0.5006496129868663	-0.6975327159938972	0.39706780667418967	2.3197784267559194	0.32578252756659914	-1.9880779503100705	0.7170489339748922	0.08087428778528624	-0.7299126808920553	0.25571537739071437	1.0023787289937343	-0.6454807506842252	-0.21104065806963948	1.5858703558072946	-0.9404537157014135	-0.6134859303416654	1.6119368918767054	0.23828713760444425	-2.4161151328376773	-0.16461748535984566	0.4350762118253737	-0.9235325019920325	0.8754754692176794	0.47253851519325357	-0.6048337878224295	0.05604972055623497	-0.8386261698517524	-0.3374823733398012	1.0422252198946216
A0046	1	-1.6500749792775606	1.1812421668685589	-0.43109313371715235	0.08415366742109999	-0.35734142062940905	-0.7161684524191145	0.16327150580032943	-0.06248002036449516	-1.0451906617331783	1.0542902762491697	1.3605029694240902	0.6914207247101685	0.12843617333520435	-0.20454217479339576	-2.29562295951792	1.0559587795026102	0.3879366115033395	0.1900299857910252	-1.0040588353343514	0.8715415188108593	-0.047937735422044825	-0.3746771775873302	0.43656112615716697	-0.1465808964598647	-1.1618361609317192	-1.4936825080006713	-0.8684773730077794	0.34672863024137596	-0.5170587808513014	0.31034287450407394	-0.057760083535660194	-0.401788796688879	-0.10056904736239773	-1.0685965551014711	1.335167531936811	0.1485289272156793	0.8384093068676364	0.6548385265727195	-0.15991865312144074	0.537977361698588	0.6157169197981343	0.038334369369377355	1.3373121875269407	0.11580238081533076	0.3268933646646789	0.4370758245122415	1.7888924839166886	-1.1097215108126777	1.9692128835788418	-0.5654283112231455	1.802472348469848	-1.5286206930292359	0.04814722163450475	-1.9637305194472285	1.5444061266549747	0.309846769513272	0.5372330510412499	1.665682777266377	1.4011398927468135	-0.06808777770477988	-1.0384923328480278	-0.5603771910396824	0.17810408828450774	-1.6517286061174095	-1.067991371080546
A0047	1	0.7160456592674741	-0.1275564723342464	0.1654604506752884	0.5002312469329591	-0.0704112301350524	0.8058975709744687	0.6056258303246843	1.235009511343621	-1.6051583275440866	1.3539634689235842	0.8259164609967531	-2.357268691374964	-2.237357341198124	1.0217935656622936	0.517574843183171	-0.7220075172630113	1.5282520484525877	0.8285356432414039	0.6714655021899747	0.25278561862363524	-0.38589045341122075	2.5042550165818613	1.406518011910196	-0.49728231965912206	-1.2645482513567243	-0.39730121668833834	-0.7502313460558142	0.6787830428438927	1.5722207699180284	1.454795601285945	0.5538396491463393	0.37470100765652153	0.9885635924430423	0.1682462095538015	0.8162861535526859	0.5806916414859515	-0.4208801082193607	0.5771831565590976	0.9831930707155193	0.7668949425651536	-0.7419803286085948	1.35141635969311	0.7602461839254303	-1.537846985268041	0.6855944800385573	-0.6088744258139821	1.8460948520750091	-1.2017581918455682	-0.15199748093649235	0.5890718273378411	-0.40141544911276644	-1.276274370785287	-1.1284507682566278	1.2862586981631297	-1.866908031635855	-0.8834485502881758	-0.5224548561456723	-1.0220870738214645	-0.09424805517518554	-1.0719508195876204	-0.7667953064558781	1.2854170746233178	0.5526204797999194	-0.4339062807926577	1.555536962587201
A0048	1	1.1799572042413924	0.7905998041110553	-0.661658392600242	0.5179095920926257	0.8746907949130543	1.7566081221628038	1.222990081039672	-1.082486763049623	-0.099361083854642	1.2318546106180712	0.8291728324895187	-0.39845760920988577	-1.1032699010575633	-0.8435870171209721	-1.2849608217514934	1.261390705039585	0.8075063537297007	-0.4968875399927029	0.6197240621870134	-1.0564168861580965	-1.1252967462234114	-0.36248950462501806	-0.3329339955200722	-1.4886038811524978	1.0648564817336157	-0.027142936664688925	-0.9970334090694624	-0.18179541106366834	0.7881177593828605	0.43808755051041876	-0.9693721689762058	0.5889627856891467	-1.6094261382606612	-2.3994378428499896	1.0578135975824863	0.9369179545795728	-0.4416411530462051	0.41933938884408906	-1.3105832325500195	-0.91376300950326	-1.4970749429564123	1.271624916675171	-1.4905971831380198	0.17244641871022784	2.205289738000663	0.9383867243623276	0.42463968553834286	0.16420252159772777	-0.3635260809586161	-0.48034317319874026	0.09958660442980613	-0.2673146960777502	0.1664326786660086	0.12572500314768942	0.43375721076208223	-1.8117987503740953	0.06735248654139471	-0.31730656839120325	-1.1691535650501381	-1.0187742573763117	0.937493001195406	0.11839141776643004	1.108780222731968	1.0389818022862467	-1.0161454689577523
A0049	1	0.07458593374077382	-0.5178969083491917	0.209370896465767	-0.32603776435906934	0.7228588809507658	-0.7770309144314499	0.11524175833260646	-0.4466087004173036	-0.8507300620836747	0.24853800441624344	-0.3682070614679292	-1.1341203124801726	0.6390606419572123	1.4844743728418766	0.17860310075981567	-0.0529742917784864	2.037135455030585	-1.230415831712235	-0.0862830884494536	1.2516975856111645	0.748117888873034	-0.337930134451182	0.01030760519080094	-1.081933726662995	1.00529658244647	-0.7688436599434494	-0.4254484712013099	-0.38473637305141034	-0.5818302959115731	-0.409852776216556	-0.9308825373666798	1.156749333501305	-0.9613371783652761	0.5812243545865571	0.3254568487639547	1.486705786722843	-0.5195963648816023	-0.681368144971157	-1.9676502059489478	-0.45050199946370717	0.10965008811717346	-2.040479957234513	0.868833098456239	0.015155664189406589	1.052327558708931	-1.7492357224966473	-0.4566583473372909	-0.04536150165219284	-0.19145079021009914	-0.34450876582601264	-0.08683375880286075	1.250942721821116	1.274100515876992	-0.4227904178323941	2.405125651960229	-2.0590043682010224	0.5643992866665546	0.13302770946380496	1.7834250900466624	-0.5659297750724122	-0.9169132702183732	-0.429800750304516	0.0685759027343943	-1.4136409122098588	1.8386141164824232
A0050	1	0.2663926397058513	-0.7338962986983515	1.1381331596744753	1.4738196318719659	0.19604933944821926	-0.8694310379563569	-1.534734850562411	-0.4931690853967198	2.254892433147848	0.6507067432907899	0.07763484724050371	0.7076284365406217	1.0063175566610412	0.9072400908324465	0.8981380666200312	-1.5352527689928699	-1.5544401015668654	-1.5760384773716831	-0.5372180836536828	1.0309800864436285	-1.0294570590282972	0.44848699107099554	-2.4313987579986436	-0.24365393573164304	0.5898134145233558	-1.1887638427965075	-1.769793742494835	0.35586841853987794	-1.7531017413882648	1.2085871501039558	0.8391026498554354	0.3723595841683569	1.8481032947815004	0.15408741168291187	1.6251973495264893	-0.8432531280053162	-0.9762496310963849	-0.351161846046691	-0.4789375812854035	0.07404452048447875	0.44369481988462395	-1.8459254413102366	-0.9794958918925629	-2.140936545573968	3.9855532425866227	-1.4631741575097532	0.010239578571209884	1.663484596665266	0.11429750792529125	0.9915219850203977	0.21328765775938166	0.22555265457618062	-0.2695338144266801	-1.221986609473275	0.7201574987032894	0.565804488509235	-0.18616418216207958	0.049729405540957304	0.4424199789666075	-0.8149202142290105	-1.0451424756808667	0.5931782306900028	-0.8503293130510119	0.09838322996700738	1.3921269026967524
A0051	1	1.3125753780911213	-0.4145692737251881	-0.8948077182471151	-0.7192126320311698	-1.2580013778327959	-0.6683937455665762	1.2823784424441529	-1.1021385603079534	-1.5390606628577053	1.0224269625910862	0.12651374852445882	-0.5311147416323009	-0.36949133940933787	0.7081182139653818	-1.502842532620781	0.43125452064596276	-0.9978465448363981	0.9988843553349801	-0.9746874905615233	2.097494436938394	0.21863573622575216	0.801324902194437	0.648433792744444	0.5831535049347117	0.7465965174184411	-0.25232472316682364	0.9452794902042168	1.1807427519636415	-0.8377619969469732	-0.9229421572522631	0.3178095509441511	-2.0960798645567875	0.7988378342079132	-0.2160259325644746	-0.15205433589977718	0.6613930242567594	-1.3501589201477733	0.04124806293149882	0.6867052804866755	-0.5119415894639261	0.4287006050611322	-0.47809978459915203	-0.478789643875681	-0.4624747343543173	0.9382137116009397	0.3364494521190419	0.5424343762123437	0.349768849050594	0.9553017098693127	0.4684781608055025	-0.32896278933363843	-0.3052339450326279	-0.7986507564056722	0.7155653210387208	1.4962591922934385	0.47824427761654015	-0.215691855312277	1.239543874831161	-0.45145224735489486	-0.2511381151747988	1.4000360152024465	0.5352793296898324	-0.18978491651233376	0.003565389633272292	0.6053755423106509
A0052	1	-0.338920210080974	0.5556531938855984	0.02739052330832634	-0.8929355350615371	0.3386076087205554	0.2616968676537711	-2.1082136412761794	-0.28438459181072956	1.121404924975067	0.47207544480839475	0.42680016225990425	-0.8885128331046594	-1.0582822188656675	-0.19495355082310611	0.5185595612982176	0.687099919217919	-0.6963204966263291	-1.0472169138921896	1.4012245417438398	1.2006977530616407	-1.0531584777160956	1.4718417708591107	-0.4541712198719758	1.6520450106775277	0.42277402337336706	-0.6856082709875817	-0.4257999981728331	-0.7216938774002619	0.6788012908098403	0.6710572075448461	0.20341324895976948	0.169008592448096	0.788316269828131	0.18719693530638482	0.5967550685840518	0.8698540885364352	-1.147923545094053	-0.3868712513531466	0.803262183583458	0.2650595490445249	-0.8779952688648167	-3.9608461971287547	1.158256141848315	-0.7007324650256496	-0.38891687133438807	0.20075720016335677	0.07700349070073195	0.5910506929368176	-0.7099700926051786	0.09135158943152741	-1.7814502181280778	-0.061603692781135845	2.2067790233586377	0.8642227945775455	1.3800581477332603	0.9997873847297786	-0.6310050979705452	-0.07754250608197927	0.7994109539822536	0.773717081063472	-0.47492979234247934	0.03748336128286663	-1.808497910593603	-0.5819337972284425	-0.4282586867178132
A0053	1	-0.8317062525157498	0.4895249943591338	-1.5988859398839883	1.570548170702195	0.2861344496295981	0.9733917678537009	0.10776212281363526	-1.441038033890359	0.19313979012328772	1.5490977614098393	0.633629226406124	0.8804486528627751	-1.0599434761684383	-0.3960542264595932	0.7856332979232684	-0.3178146484623416	-1.4170148743109507	-0.6158863472814208	-0.14563601214496935	-0.7118407376113827	1.3478434233082792	-1.5821889847875126	-1.0811023099608197	1.7179920263015727	1.41796718960125	-1.4873590650770416	0.02640154259162076	-1.5094810933351304	1.3445637880813501	-0.5003702217474473	-0.7984599027462265	1.3490822747002635	-0.45791520289271953	-0.0930166309527958	1.2350287503407424	1.6718201179587784	-1.3122512665954198	-0.2198877809477906	-0.1020098925142111	0.005605419830268681	0.2922054748048809	-1.88011413838284	-0.8507420042550163	1.5038549113502997	-1.4295699697602755	-0.46845640959009227	-1.0609192588977108	1.418566745240214	0.015823882291319643	0.012062256422891047	-1.3644262733665071	-0.8498287164464384	0.12380763860747117	-0.1439076309588298	-0.11208560152935922	0.1113130957149693	-0.12533454358467597	-0.779829986714127	1.4319173624579187	-1.247599698416535	-1.0628485003805663	1.1590845435213708	2.1018438372083046	-0.1555257066984601	-0.01692905689023507
A0054	1	1.711495389007905	-1.5222638417318768	0.23667497552455943	-0.9811451236842376	-0.5982545159231039	-0.7257423962935181	0.7277126859504557	1.9625772059379971	-0.24676316430439835	-0.49224312970402584	0.6888725571822618	1.1157404459614861	-0.5223355974102464	-0.4882848189252949	-0.5281140443097229	-0.8600816088372722	0.10986479393104553	1.1221829929369007	-0.0321161361340117	0.43358935072629456	-1.594058347192701	-1.3969774889161064	0.6117986571929163	0.9888353029666865	1.606841145763017	0.7409746329211548	-0.25317883167074456	0.554180668177568	-0.07158147547099912	-0.785023776358357	1.0706425230403214	0.7633937730598637	0.7693216621715533	-1.5845885060366411	0.21149942586546527	0.6176257998984503	1.8012737550651354	1.2319096179883045	0.4546763048303564	-0.9484989675514054	0.6373335899501991	0.8857299321987597	-1.2416419296586534	-1.6139573208783062	-1.2375638693759825	0.265158237359607	1.0135620760799868	0.20095223218118316	2.038834264765954	-0.4808124093790391	1.718499347927799	-0.09980494756044186	-0.8200045337432142	0.049275983792829665	-1.365679074971852	0.05775989794651366	0.5575181990707636	-0.24495492035092342	0.6504411312880571	-1.3525897147957349	0.9979792356188336	-0.28651980831890167	0.542022869817439	-1.51594155326248	-0.5784431805822002
A0055	1	1.4727348598652665	-0.3893935256432039	-1.1385150903084946	-2.0191928432916986	0.2026224129713375	0.9083074270087919	1.049364499006033	-1.3011558389600026	0.36238830041538944	-0.35752973035821534	-0.8880990274950845	-1.2786983904764648	1.6784776696845438	0.9467656481083999	-0.4502943125295707	0.45663882113123555	0.03605658686988246	0.14232635620603465	-1.530406046569024	1.1988754969265845	-0.7533310722650576	-0.267084692667894	-0.12239635319640399	0.5849630846260178	0.7487521621706753	-0.12404004293900335	-0.4803889030651353	0.2646518500462504	-0.8032692546262657	0.2146206859328701	-1.0011207340955073	0.6202523193958555	2.327793064478586	-1.5863410484723037	-2.820641974342227	-0.7175321695053394	-0.15212739793117575	0.23793450902966276	-1.1297066189946616	-0.2950791494758057	0.1769527380915191	-0.8496221437561158	0.8407558015302532	1.2586512835211376	-0.9837437443307963	0.7658529074478774	-0.6786764888202995	0.07563052714065346	0.9673722589115472	-0.1502009706601286	0.804341335762629	2.9650644940052078	2.3104429404103457	0.1661150834474721	-0.2522376722527252	0.4062169725912039	0.8791669072506793	-0.6647166667830273	0.9368201202550626	0.9134669386009742	0.7367551422238802	-0.3418279876605038	1.1260513951903721	-0.001225600261113787	0.08045416125141694
A0056	1	1.2257851645318423	0.8835836078693992	0.7808292556195584	-1.6607547053510843	-1.926276310144729	-0.07736012141283319	-1.0168473246967906	-1.3927748917421119	0.3455410449187989	-0.07029773130597555	0.6626676614544689	1.851380040832078	-0.5912634519990029	-0.3271764469519687	-0.7389387146807455	-0.8274707368109688	1.7677065195901052	0.8647719008217604	0.34810514488422234	-0.597410752763816	-0.32832192177414343	-1.0479206144813091	0.12118186535581459	-0.7424556523891397	0.15892495342134036	0.6738560728298688	-0.06663407274392733	1.0522306305119313	-0.10334300722923062	0.14225047830741314	0.6861460050447183	-1.329747642336121	0.7251009407494919	-1.612642745305356	-0.45968503132660826	-0.05857576732477869	0.9597948730506174	-1.1970422036654802	1.6136058797790789	-0.07157147214141614	1.0443164272782892	0.4869343018242647	2.983811428467629	-0.1379444001435962	-1.3858940339236578	0.15134827488961444	-0.051981290637516823	0.5234706578953549	-1.4555144168075913	0.32536775544527136	0.8308952549014182	-0.5435158665509092	-0.04289070363485505	-0.049096358990294235	1.0106719794845618	3.0566749128510766	0.7976262904080312	-0.5967850358170365	-1.222642313239949	-0.69363133701498	-0.5900797002066087	0.5052981951034123	0.4984760150114881	0.35490875515745823	0.38982175022265053
A0057	1	0.660242156027774	-1.0037869909886952	0.39116046380943453	-1.1008700962534121	-0.8663769345336583	-0.955730699100877	0.5359689536355959	0.3341284018742221	-0.9064472621490909	-0.019495883086469733	-0.5251945029673509	0.7173973755522814	0.1756009295943575	-0.12190026402846038	1.705660695213632	0.10712363946090928	-1.4758534689822576	-1.320235190903647	0.5883850918131945	0.038165456094300144	0.3249838125245106	-0.8174120074779008	-0.2572501431664925	-1.4661805844850995	0.4344290330184937	0.12681725898762014	-0.22473546710447034	-0.183916814197729	-0.6222096380123893	1.883916371512439	3.200561741495903	0.5196050689471255	1.1557505354693618	-1.6400632921329694	1.304448970637124	0.38519835689541665	0.1862204100405895	0.729289861567965	1.0255676432049614	-0.11755511562491427	-0.9479817335826393	-0.5157159093220364	-1.204905661915202	0.470484497445608	0.21899100953923523	1.6739010037608886	-1.918145690405846	0.6225855930859558	0.6264175375440684	1.8134860310646712	0.791230573320161	-0.2007154485731798	-0.45729088719569105	1.556061808430656	-0.44415695037437203	0.23998779030659945	-0.14339636323168334	-0.3702631904389854	-0.29494779732185816	0.7386298174527456	-1.0381299470986496	-0.021727896474492473	0.07120478860534919	-2.360309181149788	-1.5169278646948814
A0058	1	-0.2755331884569217	0.49193948851819813	-1.6018777005823235	-0.2239482467880027	2.2990391022793117	-1.297983785664614	-0.6929598114160948	0.3374302713432485	2.482254216939335	-0.8125992251052403	-1.054226368016536	0.37971460361194515	0.5479284751311412	-0.07091618373686892	0.6560873925960112	0.567136634636683	1.1339639576068405	0.5317684547712566	0.469708155176351	0.46515169993629346	-0.18323550050483925	-1.0602457746491634	1.7816279831920978	0.6491680486504794	0.8656997421080624	0.20126486123267287	0.9388521384856022	-0.06315377291973626	0.3474197355766311	0.9325505554815531	1.526134129382229	-0.7775028586248451	-0.6182844840020387	1.2897636962129793	0.4786515562804382	-0.8236875275221838	-1.1173879515975944	0.2457704734387259	-2.206731664217041	1.07386960432127	1.4705753671799813	1.6201453292611494	1.1928276582489716	0.5418447602717055	-0.09263083666532294	0.6915311374095693	-2.464823917537429	-0.817770966786224	0.6502210299745828	0.49013864373753485	0.04455692585822715	-0.4857152154651652	0.640909641339003	-0.7128978834895057	-0.30808293569252226	-0.5786698380803378	-0.5225138937113616	-0.8002230332461473	-1.063056868076848	-0.5872099208756346	-0.17698839876785163	1.2170618458863842	1.4088296128001196	-0.07565111841260228	-1.4749598090479865
A0059	1	2.1546125322575556	0.3821259078907951	0.17444608277761467	-2.048420696542971	1.6373080213029432	-0.05988480338634663	-1.7410789397193978	2.1611497008279934	0.14722155369540876	1.0439113119476682	-1.382136302690631	-2.1714615893148905	-1.1866097050164326	-1.2391124398400144	0.0954955923055773	0.4955113658627539	-0.051594593017617034	0.3379520913643709	-0.3053050286612961	-0.21654686035802184	-0.034807649810205614	0.36662834312296466	-0.46944808211688227	0.929552728866975	-1.2710729669657521	-1.125159912023303	-0.654688935712602	0.6346478686201124	1.059058037875127	0.15123696641972617	-0.44226106345867855	0.4948247266797649	0.4810304133130667	-0.4211228917726684	0.19802498869236126	1.2156288263365762	0.8767530449247746	-0.5477976118526187	-0.03454579619686018	0.24032391036565298	0.4919123561904266	-0.22165252803323063	-0.2942979625494743	-2.0335805470255703	-1.1296578891927256	-1.2158598234405906	-0.13821348928574848	-0.07425869985712626	0.17922008626176317	-0.1399787421883526	1.6316567395656905	0.525198597933585	1.3211346857863264	0.915837547121514	-0.6594937071774486	-1.8370239600572633	0.8538628083158754	-0.6694810502904275	1.4642121415144391	-0.4154095857317296	-0.1204496611935865	0.06947531829484367	0.5108963359868226	-0.7340079818664831	0.2726566409488317
A0060	1	-1.6178627897688538	-0.7887375143768689	1.281988970738855	1.7631887267864401	-2.170565390244527	1.372428310975222	-0.5904174885929192	0.33403654352002093	-1.341545896140377	1.0204767475371928	0.7286729551257083	0.12972868844833738	-0.5303913303760398	-0.439402444167342	-1.2116764565295475	-1.167079068327771	-0.4866318898298269	1.7407674426258524	-1.021078627527904	-0.6368955373024628	-1.3018108012164682	-0.5325241781267648	0.17778075052731845	-0.38623309368171016	-1.6012124636222873	-1.1186285153427238	-0.39224580130716424	-0.3215632213400103	-0.6660830500983796	-0.6062569134207612	-1.273186772036214	-0.30644768181107085	0.5715184440549397	1.6622493075860163	0.27213363502674015	1.5813876101965216	-1.7669411589565513	1.25515522963722	-0.8061488153931758	1.7391118526817722	2.4553546892046216	-1.1615948096738677	0.8477175255260331	-0.22403687260212932	0.6976331100610215	-0.7076358650240102	-1.7329624366548926	1.0428648589025582	-0.12455426671508472	-0.7883716106150884	1.5680529770828469	0.08786083890105639	-1.99831248701749	0.04716204725240828	0.7251335451021872	0.9042552193199674	2.077732440380924	-0.5345250554914088	-1.1329885963600852	0.6097093628977778	0.8449176796606648	0.2467634135247147	0.48451209668011075	-1.9807777668086735	-0.6536506899784174
A0061	1	0.754770527506074	-1.2478302329663222	0.3016347176007582	-1.2583965217093322	-1.0520758139415722	0.09661143963377235	0.0267950775272126	0.1164162321021374	-0.12870095439242482	-1.5742514504403575	1.5665596507879296	0.15184974930721537	-0.13821882695598214	-1.98446977829801	-0.466015351010772	-1.688909427932728	-0.678803378777444	-0.6804459521827717	0.23467400122468715	0.8423488544648308	0.11800276383569544	1.1495176713721944	0.47486915333207425	-0.3718956507820798	0.6552453755267879	0.4863791487211394	1.7828294707928167	-1.0581158626646365	0.018834480499075944	-0.3882784816053958	1.4916375098134838	0.8072930212313497	-1.681984294162241	0.8672674888959665	-0.1816090755486179	0.5795236572722503	-1.403095383718626	1.3136358151031615	1.3044093498148206	-0.6177983857201879	0.6993893442780688	0.05177769416045367	-0.04386730606630457	0.3164167849042771	3.296471517392865	-0.35326869818357687	1.3528681306954384	-0.11797445558318378	-1.8510366969777923	-1.504072057605499	1.4074419979911061	0.7900087760009388	-1.4335226346708827	0.9076259175372228	-0.026672642203390055	0.4251902818034311	1.7364035084193	0.6001931090531569	-0.8300795139694096	0.6197831733344566	-0.5093971864824695	-0.8417964824394473	-1.6679517224943758	0.47222991342301013	-1.8620637741033266
A0062	1	-0.44956227771867247	0.35602328376027886	0.6407329869962237	0.9704448643512734	-0.47129924279575186	-2.5258631814818604	-1.372121035081901	0.24944759325284202	-1.034088561499267	-1.8482742627319597	-1.594161712422436	-1.05077311897741	1.2397607111500213	0.2693209582329922	0.47694582567087834	-0.09991980991712171	-1.285790941919751	-0.6004870894833727	-0.6493672187094518	-1.9358567119471715	-0.23043625362279233	0.15004268542020066	-1.3126038595955902	-0.2957630497344878	-1.0049616697271853	-1.4830153241694706	0.9408870048865782	-0.7887483638607479	-0.021813437579368034	0.19591698254778117	0.7366714086799189	-0.2521742950803355	-0.3298386385969613	0.8602079135364289	-0.3963158663662591	0.06105677480717629	1.850163889813532	0.5768250230728997	-2.1966578207814442	0.9397460628947437	-0.26684580135706404	-1.2447881017361488	0.2728620462204376	1.2082789674848842	-0.25293545647546045	1.2976933940146356	0.4762266351325098	1.8799451224894057	-0.1763825081243063	1.9767214834661744	-1.6793592841985456	0.375217612890549	0.9477533616380638	-1.10983100006395	2.3468202671665384	-0.5386805208419184	-0.2498378858794421	-1.5534972864937355	1.122347767848857	0.9467909265090033	0.5373180112240016	1.2076666859242005	-0.035484469462066286	1.4589664253002836	-0.6305625696523786
A0063	1	-0.009754418871435567	-1.0579815512554527	-0.23806601192258214	-1.0569419739522963	-0.052599290635662335	-0.10570425456582457	-0.5342911294295055	-0.22743175559668755	-1.6018078074902775	-0.0005983271367459419	0.5001342749017615	-0.6322106839975165	-1.3253143408229382	0.008842717078907564	-0.6510717340787091	-1.206195033071616	-0.6531959026067607	0.49589488881230337	-0.9650326148066667	-0.659471471920037	-0.9024130124270604	0.7083665313553458	0.26361732138058147	-0.6626396208670445	-1.0920656300492564	-0.6000651833030604	-0.5126547967911748	1.1659163342803014	-1.1474426347884215	0.7186605413504539	-1.504329574232488	-0.7151661199208602	0.06845374564845703	1.746237657911535	0.4177316785498783	0.07022503017161384	1.0525960855301308	0.5391696862867165	-0.5713511087841203	0.8068002528949237	0.8025398827689901	-0.5842982787437069	-0.34974464552437323	0.7466107049008035	-0.4487606521591417	0.6691460174798687	0.9164742446254456	1.5994281115604236	0.21547658358060193	0.021686906096707557	-1.060851773695632	0.2576395104222292	-0.5654829452502715	-0.843835662572674	-0.3030588158887371	0.31601993588370675	0.4216850303209807	-0.3461441103339106	-1.0799196986924666	0.4935141802702315	-0.49900901423810945	0.5680637356467397	-0.5560175240874035	1.027180556657758	0.21775865721778753
A0064	1	-0.3985797142068961	0.9262879444657336	-0.25785596295332897	1.000851591475683	-0.06233671595923231	0.6960789235363174	-0.5169893583126776	-1.537839697312751	0.0902589608034949	0.046840584126230767	1.1863210249220026	-0.2710348236070462	-0.881777060671619	1.0331449925177862	-0.2375252476237275	0.29882125609045407	0.8356547734303824	0.015033116281863493	-0.08237564625363375	1.9549610145742329	0.17123323259162304	0.3084462848025188	-1.8193390012610626	-2.124310155464334	0.3899786173025615	0.9954681596964068	-0.7249477048457825	-0.4604381235189019	-1.2436977519169867	1.894609665689555	1.1432604923994216	-0.18409407256014107	0.9549926186265407	1.713600689242718	0.8958121591433752	0.6626238313991173	-0.18229851666788913	1.308474182657805	-1.7304971647378664	-0.8604224599832055	1.370837391265094	-0.9365183250172208	-0.3267391569271776	0.08477134335145536	-0.16233379943690018	-1.7619268875425322	-0.4588890919117284	0.6029875088485812	1.0443422931006348	-1.1363354857888561	-1.1077302046264772	-1.0126754936929316	-1.1348800867562558	-0.6117770771609395	0.792066235908629	1.1898583370785758	0.0843902817852996	0.4646337875896226	-1.1871191737830777	0.005733533084912776	-2.0288140883283377	-0.2851443952966223	-0.7578053718267951	0.20881314425280562	1.8320717503664863
A0065	1	-1.4295922026009993	-0.3617914793861036	0.5455048151895826	0.16881380951902888	0.5347623196407836	0.07147122966229352	2.445864027855705	0.1960678892175454	-1.0399120066572838	1.3530121499609589	1.0276228678230168	0.9355477634114463	-0.6262986861665801	0.07111212361741479	0.7930934934703269	-0.03085636463073844	1.0167160130659831	-1.7580845731953556	-0.07684782942833751	0.6000478426179124	-1.1047302957730833	0.24357372285037915	-1.9824092943161136	1.714126480916273	0.16902505559820252	-0.5513548581468533	2.271244383870604	1.5039099490681984	-1.1086471835080385	0.47249923482333145	0.09704317807742667	-0.552569617852621	-0.18536695179460705	0.7610481695229937	-0.5982858094207609	0.20047095050420252	0.04009228750008092	-0.32165344839952487	-0.09707816130882227	0.36010940178210793	-0.22916435631586315	0.11287348138198236	-1.3572343657581942	-0.06375007308112432	-1.562978745403436	-1.7400073039825954	0.32397519276144676	-0.14494952840182587	0.2880624969663052	-0.8939862140401196	-1.0146181854947043	-1.2823387064175777	2.2271371817359364	-1.1007240299035765	-1.7977633254601098	0.2706607276511145	0.3537023346243899	1.7850877658656759	-0.5798443075360566	1.7177623943675526	1.3466287811058433	0.7541452319507891	-1.0449422322046478	2.022136919895302	0.6525540690987077
A0066	1	1.2903249690476157	0.3135357173279546	-1.3878434469904408	-0.6019744725365728	0.9017787648195166	1.489014767693252	1.0546906413263826	1.0356862452306885	0.7645214440779499	-0.7406353863058863	-1.8661428386766468	0.24590915892546988	0.5623731099707524	-0.5695423327419593	0.3038254424774489	0.6661964680238878	-0.0357680380429045	0.75077541098039	-1.430533272404572	-0.19585746243344057	1.6185852055809677	-0.4009220272992475	1.1500282430604771	-2.287721621970478	1.2486466480264968	-0.8632964567749585	0.5728215123097856	-2.485252790985856	0.03271075420469833	0.5118381165052507	0.3323257926564183	-0.6257509045531451	0.7299041457901453	-0.6621327254518037	-0.687088677630518	-0.022054845125981257	-0.5313568202841797	0.13456879598954888	0.548361753574097	1.4290060325463314	-1.3607196531506178	-0.8009295232166509	0.9400550750722158	-0.4896420454346078	0.8265371012191174	0.49144655157959294	-0.46631769372013193	-0.35060076967373444	0.02135594018899727	-1.4449291266395918	-0.7506999764463399	-1.7272763829964801	-0.18444546625789848	0.4844622197237132	0.16035937889937338	-0.12055069570251398	-0.11062267239927823	-0.37439456998338183	-0.24838425915325593	0.40163724025857933	0.2608903684811113	-1.9995142843030316	1.9204104392418937	-0.7730830527415208	-0.7917276890422622
A0067	1	0.6410023850816564	-0.3149535867888259	1.1625554903326663	-0.97757819022434	1.2930972210044884	-0.6014877969439695	-0.6185903084354125	-0.10662444241265114	1.42648321901391	-0.5804931881784479	1.3920108001300862	1.3459382073246404	-1.8324879287685873	-0.12105786677958788	1.493262027674342	0.2776086479445752	-0.7028131650765346	-0.22940304598641245	0.42627620148467693	-0.4407157407955917	-1.3280445172890134	1.636749832827735	1.225642724325109	-0.5711150724830071	-0.541851930096829	-0.7093269333268754	-0.6034293853968521	-0.2580277214794145	2.0917363951034873	1.4831654617828245	1.601090768319079	0.13869862263590202	-0.7507696751203192	-1.6790521890870627	-0.4500346074118295	-0.9544432859012416	-0.09184851364302292	-0.4042689963507051	0.10275510954723155	1.6619477734225614	-0.06864264068078114	-1.0789730594548932	0.678586117680703	-1.3182242802905662	-0.13804469378654133	-2.0765208184875714	1.4903641653149977	-0.2960244006556114	-0.17157531636087361	-1.8267984230880268	2.7708738999832923	-0.08490670692352462	0.24253805283138105	-0.07752806537728857	0.7340311883273328	0.23715360575711544	-1.1534512803554318	0.8835758100620466	2.0165340656199224	-1.353728614467825	0.06034481874745826	0.7306659062761842	0.9023500926948899	-0.26693179895972485	0.359891846816158
A0068	1	-2.4555007904743364	-1.8057057434111752	1.1943008390696597	1.4506867366194023	-1.3161805479753603	-0.9019897707642969	0.5742638305501475	1.2956524328884096	0.40585799579272086	0.6952865334221882	-0.983138284202923	-1.7181074171674413	0.22125475897001254	-1.543945531520086	0.8262238130619528	-0.26684795357058033	3.230535125875567	1.019673696319721	0.5503187225729644	-0.1841861668683456	-1.05308461264535	0.5150132574472485	-1.3511396508118891	-0.2981407610498198	-1.1928006657573844	3.0315514544579703	-1.1592714118362213	0.04629549096948525	-0.1384046869866628	1.7556925529277772	-0.42228395857240075	-0.6359052187196298	0.44300772390950865	0.25094710614172494	-0.07392557402104362	1.1004808938638213	0.2909018774172113	0.3024549257957661	-0.6684290869813497	-1.0299503026263048	-2.9992941521927046	-1.0790469541908685	-1.042717698411062	0.46904910775150943	0.5998840960313955	-0.05171697601294898	-1.2685110353754425	-0.29684416077157627	-1.3241577030096305	0.26468311137198647	1.3201891858711263	0.18825898746400507	-0.34464852074483865	1.1567116544120202	-0.55920111763877	0.28547046503267215	3.217343693928744	-0.18974364522224893	-0.24147099548666123	1.2931749972147581	0.369230335560295	1.7022653417245697	0.4898392865555513	-0.8884310476706068	0.32433920161414903
A0069	1	0.2084774302395298	-1.277374696166471	1.2623982107930836	-1.2772400735638973	-0.0009188956051176722	0.3870651807914683	2.017986493232091	1.353608059634476	-0.6747211729827141	0.9950565736945723	2.2858518155309375	0.27339319441345633	0.5735693117236373	0.005953493152318801	0.4478216789486663	1.21453311764704	0.43008851088304345	-0.4481948132064551	-0.03361924682270704	-0.0010543201562754384	0.9843875108849718	0.8933140828043733	-1.000820399725372	2.6841830240762317	-1.9053262604309427	-0.5263894258375444	-2.232709751817162	1.0988785952517859	-0.5181649986949735	0.822287914410973	0.3111715101082772	-0.16360184648889808	-0.49523354806057707	0.0228735457668044	-0.5146660388534013	-0.7661046393829691	1.8957211410968289	-2.8912496162239134	-1.8191091667137118	-1.492319763275595	-0.8892129261123162	-0.9976055084525015	1.9729776513934112	1.2884405198046545	-0.2244677994564557	0.947668907161367	1.3508787846913113	0.3814481178006715	0.9664169106230049	-1.0335894908387935	-1.8221325147489909	0.46039890638310105	0.732054085755982	-1.4237361588269462	1.4761476517272634	0.5225973225446526	0.38944946524396135	-0.13484512582991692	1.571513462170512	-1.9823175839180915	-0.24023561226368495	0.19088118419401356	-0.14156485444471026	0.3496215688922126	-1.6360718184118954
A0070	1	-1.0726896165571416	0.19128649321084257	-1.9664281544511952	-0.1016173156125669	1.5717214414316278	-2.0055204308304106	-0.4842550989329386	-1.1590404430678947	-1.532743505770398	-0.5195329375848637	-0.03495439813105379	0.7923968732774541	1.1771109939497215	1.4729916894963548	-0.8633715485100245	1.1036371570600416	-0.9735530600616006	-0.8964370861585729	2.2198622056634685	-1.7068626378619427	1.4866045302796123	-0.19447799597308857	0.4461137164848258	-0.6968742903184308	0.18972421102117884	0.16695784408013045	-0.009245919136862792	-0.054229117041372704	0.44060704970818726	-0.8690245103497182	0.4592298273008999	0.7719495223585807	-2.2355192499837218	-0.37088511311947153	0.07810710202827051	0.32059416688297976	0.6582732630910885	-0.08740283594172327	0.16275356281274558	0.5375076564162369	-0.043209145341507	-0.6357383031241761	-0.4508336897057143	1.682181144429317	-0.8438131722578023	-2.012495814343311	1.2988670549592378	0.37083626986558593	-3.4483650006214916	-1.1623951467874873	0.057404129924003046	-0.9475741875012735	-0.07431645815771362	-0.12977707613971182	0.15921062741434047	-0.014584765198329705	-0.5555037204383361	1.3188708327098169	-0.9922435208928778	0.4975175678403028	-1.1804666161120423	-0.6082714319882206	-1.2718483659573547	-0.4721025978628285	0.5869555700881594
A0071	1	0.8389382404939469	-1.4426383113456311	-0.4646731160441891	-1.0447268842500115	-0.3113398093368592	2.037320306849872	-0.5901216810724665	-0.07414842174057996	0.8036790035652693	-0.7238525021432568	-0.6334439359990073	0.28638025914955045	-0.685940400225407	0.7910196309591213	-0.4014752405824579	-0.923760906983845	0.22834260019034394	-1.1560581449776135	-0.09113897945379418	-1.3732134588258569	1.3446001292021543	-1.5688443315091227	-1.7853229151843115	-0.11759831051688266	0.4466857424741983	1.4384449386644493	-0.7217981320860111	0.16483923697168706	-0.24600011578899558	1.0352150378036071	0.24356280218185625	0.24635489605550656	-0.8540162438578336	-1.6863152746271788	-0.9195618535968421	1.0263015527123733	-0.27981455546818396	1.933782788636112	1.8032524825502025	-1.5310905554572554	-0.679929105548303	1.1111150423297846	0.5549179513572208	-0.5556731883619653	-0.8287727226956059	0.8238050027980386	1.1842929206765045	-0.06960190966257913	-0.4568469038042967	0.5434584984346179	-1.5336404129762318	-0.41908350661824134	-0.6008901902690619	-0.011038801316234277	-0.7496047343571247	1.1899276385827304	0.2934712183976723	1.095176147553933	-1.0716863808049912	-0.41284496215343686	-2.1498243776641526	0.9041496418906374	0.680936054560676	-0.3044265862229365	-0.8434520347210916
A0072	1	-1.7746950523576597	0.6645680478005641	2.302698104610003	-0.3696593967832463	1.1822072059027804	-1.6413616479300945	1.1283030814296093	0.02593376383492092	-0.4105487485354705	-1.1140824110975556	0.3697256126137023	-0.6300699424957931	1.3725271816921503	-0.13223970932371296	-0.6077076102082851	-0.0614061230347657	-0.2882031220643714	0.7095643384816812	-1.087514340373987	0.1192236801424734	0.6165679297699409	0.41735318080384165	1.0365986702938854	0.8501841145971477	-1.6867905328725157	-0.5839544027277599	-0.22696047292616656	1.5257424620245317	-0.7706813868654905	0.38401038631275664	0.4145355726111969	1.0737233330047034	1.3515455656207536	-0.7325019697706201	1.1394701527273445	-0.525625235561645	1.1373391335385963	-2.8358301896807916	2.4018914048055313	0.9231733703444605	0.013915824720446925	0.9359645675505224	0.43782118546310717	0.017665477447655235	0.3747979358279741	2.281777936492943	1.0876690897123378	-1.2155165093603026	-0.7901924527304525	1.3041336791619969	0.19404946378426083	-0.0597344589864053	0.48931013260509787	0.4486055504944201	-0.9287568067514489	0.6907079507660269	-0.6581392033395964	1.2165554963867302	0.1487324156013765	-0.27925365487863113	2.5374412062970624	-0.02105829768101584	-0.8500418469982083	-1.5223983010786717	-1.2808658093962806
A0073	1	0.7231023218312784	0.03529685853172727	1.093435927646217	1.1234328015674542	-1.5058159192289715	0.5848763781108335	-2.0440216286537205	-1.4262854817041197	1.9798217620442462	-1.334538735237582	1.372939251935189	-0.4440814719583087	1.0157237240556596	0.6567826040316749	0.129588240260437	1.0710359013003337	-1.3885462275819327	-0.9557983385965577	1.5178673503058324	0.026145230452366917	1.176119861979972	-0.2049342859996377	1.6258454580342843	-0.18846835924264477	-0.15088870181896413	1.3016468557283332	-1.1927592489208236	0.46786727480216717	-0.6535092104244944	0.14850105872677757	2.464550810900829	-2.117637796968492	-1.5961344604154593	-0.26994512898317446	-0.991838510702261	-2.2533445092172455	0.02310834904692421	-0.4432041598726846	-0.0873632677794176	-0.007838056573439035	-0.2943726700369106	0.33796332901610365	-0.6337944939798372	0.03970753671310182	-0.09612098154911569	-1.4658903525801261	-0.8294720706021124	-0.5237547201464764	0.7101013015088737	0.683664679679077	-0.7766250038916981	-1.9435600807918427	-2.763061974921528	0.7290657789372261	0.23117306438356325	1.5721397657532157	-0.6812364925626624	0.3327536081073077	-0.10938499758627666	-0.6482709690858763	1.159699505920861	-0.6436557198946513	-0.4098384662364208	-1.364199695604467	0.4012428360462114
A0074	1	-0.320124496676957	0.5275671836458302	0.34426182967874647	-0.37922059858323454	-1.2954405431196476	0.27426155882961156	-0.8496458332771726	1.9368377011916402	-1.4787086470539788	-1.127223632746613	0.26775527510334446	0.9036374917996801	0.7159699108730199	-0.5688204554214761	0.9260371756934099	-1.6253738108214595	1.1137158967202667	0.10565636788866409	0.7093567321783956	1.0723526564947894	1.5215526881349501	0.6718231936239609	0.001438468429116013	-0.055463798466183545	-1.8087149929888346	-0.7341534160093033	-0.3680652444141825	-0.767083807959762	0.6600762261694275	1.1225945144613436	1.8790410055927511	-0.8869176522263335	-0.4268368688317928	0.2754356207139822	-1.536123885050835	0.9098453177573543	-0.7254169168276041	0.5770246906258765	0.43031396702160396	-1.611865877792225	-1.010472799594295	-0.43576798568671127	-1.0252418856044845	0.14764661907865112	0.9945316488901967	2.302196747456432	1.180843875995544	-0.6367982516829873	0.5760916138955534	-0.5776413754620057	-1.106904738564073	1.868459192337733	2.1826011510476464	0.2569648442720764	0.39772181910467913	-0.8224213256082067	-0.14869570350962008	2.218716942700089	-0.3587824135088942	-1.8718999426257446	1.3897192493672537	0.17771639853423116	-1.3790824942778177	-0.5763213008917252	0.9129745616668088
A0075	1	-1.19868843926123	-0.1373199650616735	0.28248765914569873	0.5066810995562472	-2.2418123125298917	0.7581849101480127	-1.6056255137155402	0.37996462182989793	-1.1606094139637075	-2.145776632380599	-0.1353501561992529	-0.560316087080501	1.417709810290339	1.8379791732459188	1.0830727690649549	1.3745524067489898	-0.9732541009509864	-0.42470172595802763	-0.35597455677395146	-1.2673833444698055	-0.2259177519870972	1.150322994380476	-1.340725536041642	0.4948777101381207	-1.2163290589015539	0.21128016103475936	-1.822844637456699	0.11465604141260013	-1.9548892299274139	1.4347915004324492	-0.9280562462335985	0.995270724924218	0.2658367491300174	-0.11400789826162047	-1.7494575678680813	0.6508153580795293	0.7545066948243901	0.9636726811409903	-3.28787609394249	-0.8654312137677744	3.7184390049812825	-1.0728235180693593	-0.25129199625938653	-0.152748879183273	-2.750917662171006	0.09941026435995808	-2.0361708920301655	-0.5001607316268701	-0.01544733634589399	-1.2494115495452853	-0.8467845829815875	0.7802655066845816	1.9203026339433984	-2.0529018619398025	1.5428336679852988	-2.8485933697290897	-0.40241023240726714	0.465331110687444	-1.5243985497287706	0.3293094095085579	-0.45010858001069703	-0.22228066291358287	-1.4381775063636841	0.7263651357376575	-0.13408701473797965
A0076	1	-0.07365094947538653	0.26592406060583057	1.7348334320112866	-0.03829389204088208	-0.7871175500274158	1.5051530352657019	0.6206546782451772	1.0275967880557089	0.8448790216547782	0.5767164986437368	-0.629262279038769	-1.4065575678910875	-1.576339962382085	0.8316006446367646	1.3036689474397165	0.23534471874242804	-0.9654597629912781	-1.121101496294455	-0.6090376796000303	1.7051328030887094	0.3172026450382148	-0.510207439418981	-0.2628719154770893	0.5436320622680553	-0.9471877268205503	-0.7457176428549583	2.2810009205236965	0.46551705923719455	0.48362392204749405	-0.40493108296304675	-0.18754248685177866	0.007359413297516986	-0.6424846511052877	0.35497324770146294	-1.187636005297818	-1.4812914223307572	1.1452345930864989	1.6984919766100062	-0.11150912501056097	0.21539739850978779	1.1017759981770805	-0.3025525987769648	-1.116061533093255	0.23021635599333862	-1.9739552033519292	0.12483466131773546	0.28476907107569893	-1.690242243251183	-0.33472808268629217	-0.5066668952186876	-0.7577601779299751	1.5358548928497917	-0.6007826329045852	-0.4953235956404702	0.20564659999439694	0.06281805431585694	-0.22349595821799895	1.3663885851979427	0.8906745472372846	0.6887356118875749	0.7360532635081436	2.16367259091377	0.7110474798814993	-0.32909311349466325	-2.4083803002618884
A0077	1	-0.9285641016126109	0.0527737213254581	1.5533302091730232	-1.7616428771404602	-1.502662513244955	-1.7689054579660304	0.017592558482791305	1.556318712775909	1.3419042818597924	0.7368019229705757	-1.5266166506793992	1.979738065444468	0.26208468043796457	-0.6936930693472165	-0.1632787093089355	-1.2438109082571702	-0.30786363745142187	0.37397526261292086	-1.3526363005497877	-0.4257004286912824	1.3600042372490113	-0.788796701869155	0.5574605712148759	2.1847718798203095	-0.5232436632105445	-0.2834658735195482	0.17084407576649446	1.1448872598163655	0.22073680493630704	0.9366240520412766	0.7658972469125765	-0.6141109260854917	0.3414551467250813	-0.3640986345712238	-0.1951953812059073	-0.15473045951749717	-0.9529627388000295	-1.23770294177944	2.2779786052161928	-0.1072062587188135	0.041800743369266063	0.5711731849812868	-2.7394374067960205	-0.1784865147668464	1.441283854645395	-0.3241069253014759	0.11942124036526795	-1.252260272364551	1.8008590377353686	-0.7682711077542554	0.28910872777404817	-0.5786914374170287	-0.6365467723191363	-0.0035143942443045975	-0.5088936972674621	1.218113994350662	1.0738769562657373	-0.4732577775299264	-1.791558270746395	-1.3113042826454153	0.1886400601488256	-1.1499975221407992	-0.31678403742993533	-0.5644460883578718	2.0568370046865443
A0078	1	0.5335108813218111	-0.4166559966574768	0.0496706516597889	0.5054846394636087	-1.2810581398465475	-0.007404913981740412	1.2315773074817966	0.5467545258608297	0.8364440886344369	-0.0530347742689502	-0.004604299927492609	-0.33116098292328205	-1.2444215046673153	-0.13713429870844376	0.33449218756069177	-1.5354320415925482	0.21255525206562467	0.3314346751136731	-2.4450395453840383	0.6036000154419737	-0.7599492044259197	-0.5118277274323602	0.11355682608248861	0.644500146929928	0.056251940666854135	-0.29789997908415294	0.6906379164748738	-0.16749961050656978	0.3013397652324322	0.9333772692830485	0.3731420761793452	-0.6663172004072357	0.6327573730104544	-1.7499451408552447	-0.5068422922915398	-1.2163564606654995	-0.9271148416815859	0.5203293867580785	0.26673743221014384	1.0162346277047432	-1.725286491624586	-0.3558857552912327	-1.2382351347424634	0.48060030328677855	-0.7131346269927528	0.11029360759961421	-0.1531636903621322	-2.216430100165574	1.5515367889092802	-0.88287090953308	-0.7156077533367282	0.5482150726741374	-1.268869562734805	0.07925375970469566	1.2757976406063372	-0.965642809831224	-0.6444131578064143	1.6425862142387053	2.4642472491249934	0.49684469096391876	-0.057277046275924996	-0.8081757523590775	0.452935944402666	-0.39168164328947674	-0.9302950127977967
A0079	1	0.27030389389952264	-0.5208298658430495	-0.9719718417659774	-0.06299391038839927	-0.0553897229882218	0.4522438104565535	0.17181964828232807	0.29730419454171686	-1.2868069098489503	1.0702323229660524	0.41376536220129534	-1.1688151865946386	0.15167484887903593	-1.2363962661162502	-0.5301013154598168	-2.875954224711027	-0.6290560294853154	-0.37788303738928425	0.44948219296651964	-1.277870280940811	-0.3659599840895757	0.07466887370408395	-1.0948102459118816	-0.9737028255508678	0.38301664301448113	-0.9757859543448184	-0.5927433969975003	-0.5852818480756249	0.4445232401176974	0.3816138158956376	0.6470216558990195	-0.24431851647826097	-0.3783893683755009	-0.6130217021004688	0.006955893852410548	-0.24168747067046076	-0.6176488691936876	-0.4543413321028933	1.1502713003832763	0.2119153874479298	0.3903583975460023	0.1268319463664342	-1.0158593807585243	0.6691717036820704	-1.0964636716391492	-0.01898732282610897	0.7317588940682336	0.9094375661334663	0.11636610228388353	-0.33858846372091406	0.5620619750969901	-1.148297018367883	0.03425687311553882	-0.5197266562992647	-0.7879100201224449	-1.7022616089829798	-0.8302045819885133	0.03814359868161056	1.1420116964310163	-0.3560320687835224	0.785782177409826	-0.7640192542360315	-0.4616735036649002	0.1788006212548695	0.16561573890146322
A0080	1	-1.435216781271371	0.590537478038049	0.08610828108959753	0.05220177549771006	-1.0913161352791045	0.12795511785042066	-1.4844376531393508	0.1823608771331965	-0.8985936238430502	0.09502166804870504	-1.173476879384053	0.5735646645614946	-0.02587797332364658	0.8928518316470755	-0.7173773201604472	-1.0117548671449144	-0.7540851468728687	-0.4341841205594899	0.4652559948301344	0.25747829800855315	0.4313094983041429	0.20588064081363644	-0.038112236350157584	-0.11520247900305079	0.48308815707656133	0.749150234735567	2.518591044507322	-1.2433181847734205	-1.2368608804671388	-0.5019490130937277	-2.7187823905901545	0.3643749713693241	1.8145779859795448	-0.9321714039376254	-0.09266271450549259	-0.11989497764100229	-0.23532401056852	-1.2006828036011306	-1.4830872676996734	0.5887078657979528	-1.1587838129024495	0.1053104306294206	1.6239120904896367	-0.8754091690141986	0.34593702864221765	1.2800197792737638	0.033044227448085474	-1.105803038095664	-0.5962042889921454	-0.8560568204401834	0.6852996355073938	-1.6710618100655756	0.842147056515025	-0.35061833030033485	-0.738418543943707	-0.05447874277066006	0.7322186127071557	0.4527498960244762	1.9423499878938926	0.3573908835320808	-0.4524536862754062	-0.9636466356410219	0.1411066081326239	0.3599859510964085	-0.1352548588426707
A0081	1	-2.4537949142618323	0.10883440489372734	-1.2845394270038553	0.1580715037380826	-0.08867038860165204	-1.7816448638133529	-0.38279191323547634	0.5381912678643324	-0.9764735435352717	0.6578465713470535	0.01067581831759508	-0.031167454952318534	2.0212990897986414	0.11432712380046942	0.03710811641537188	0.28059283337897023	1.7421039478860372	1.2679679553164451	0.9630322341530158	0.25248821958833945	-1.3005520007186457	1.2399813948458542	0.46959204371446184	0.539798354608187	-0.4191642593297868	0.448102452833079	0.918749593459668	-0.7211466528862066	0.5888355167362742	0.35294548243094265	1.2532806767505396	0.3866633458461218	-0.8872802437575138	-0.6301976128604271	-1.3349993518638628	2.261261065333892	-1.1578553049702656	-1.233405919173976	0.5636026254400206	1.3774933904596103	1.1646189763000727	0.7527379061642323	-0.2733262017628404	0.5480734668864107	0.01311865612499204	-1.258632849586103	-0.19525237123134712	0.014740981010365297	0.25024557992798396	0.10541052495241614	0.6763188897355431	0.6177893491808077	-0.0716546483877402	0.3738599641550397	0.27158909926919256	-0.821577985151251	-2.1214602416328563	-0.25622342880631066	0.35114081873961767	-0.6321214101414874	1.5962017170573422	0.28348139156830404	-0.29807122014907994	-0.06865840857313388	-2.0199278542964945
A0082	1	0.4114305544074686	0.274935781237372	-0.2824034410036788	-0.005714047014987646	-0.7658945417058435	0.08902389044605724	0.01160494107648889	1.0862622323280284	-2.1127731120710496	-1.629691914944501	-0.5044923346976998	0.35189317026593564	-0.26706676415610836	0.14556236542842418	0.1927883848724987	-0.8073585177772498	-1.0877949461986265	0.7860220233069435	-0.0261262768714404	0.11995888718170733	-2.0944654603204786	1.010776602334663	-1.3398122020731136	1.320343521083827	-0.8429338150245403	0.536077642293063	0.3335943861842608	0.8124452913306883	1.864677259150023	-0.7791534203961759	-0.1752685707397185	-0.22541916421985309	-0.4146747315396486	-1.2917724652388825	0.4513416300717721	1.1923608866565294	-0.40301357867658666	-0.15960481613261757	0.05320983393483396	-0.6363272404323463	-1.7780185585696178	-0.8355335705110208	1.804111154115902	-0.7728152368268698	-1.434109537607081	0.8516155833275796	-1.0043708898914356	1.3619073715247516	0.14884794934130316	-0.6242697114882861	1.4138523048045009	-0.3975933363871189	0.9650962066563175	-0.3773271087639157	1.6445404768265508	-0.6021250311928329	1.432810680448888	-1.0043333009669393	-0.18388485427061463	0.15757874979074654	0.7713691972236645	-0.424339927854206	-0.001186964047127566	-2.270471929316907	-0.4542990968680818
A0083	1	0.5740459063719064	0.6518084745297217	0.48990504559740455	-0.01987828794430927	-0.12092790695031264	-0.015279775251108517	0.47410370444950767	1.379343520695209	-0.5245909033586417	-1.275994009042081	0.20226672844140797	-0.03810774717957341	0.8405564204546213	-0.8526132850891898	0.2964719116668409	0.15149951284047575	1.028322892656744	-0.2783866278513004	1.1354685247277871	-0.06230360970041507	0.8274921816927193	0.2975438426384122	0.6793166844656491	-0.6842576380723913	0.033101085821875376	-0.184791682298138	-0.858549122034737	-0.8140793511412366	-0.5171052897252435	1.0355687618310059	0.5775563613120476	-0.5669631186149678	0.08544168378924377	1.557557675624827	0.48074834509013664	0.1970787655024426	-1.4969700950813978	0.23260120867068887	0.0032551681909430254	0.2983237414485075	-0.2616989260799736	-1.0123432379671977	-0.9849462664127417	-0.7189085613995264	-1.1857763073124	-1.0886342982294301	-0.017411375989591357	-1.6934293090973564	-0.6674343866704402	0.9328972261818238	0.5644159947747532	2.938212513792951	-1.7701996233700004	0.07627698858366018	-1.0851180799585916	1.4116139925177917	-0.9464457893099465	-0.3023320113288229	-0.5961395677266145	0.4997229742849627	0.12263762489036809	-0.09112861888956884	-0.03324975068931954	-2.940244850029335	-0.14155413199899974
A0084	1	-0.8439266780226014	-0.8446059551198104	-1.144192920909137	-0.13135543635753785	0.004673934619012304	0.2826480451587697	0.0525297672499254	1.7094428169026095	-0.17711242287661963	-0.5561127801870794	1.4085285296663441	-0.9813637878909846	0.9619752746856528	-0.001881364514265058	0.15628170257572474	1.0130885194129229	-0.5512955517646794	1.3849193548811658	0.6830280900244036	1.0170167966966608	-1.6449561081799031	-0.28894106376352413	1.2083525755856537	-0.38105337554163726	0.333494588647108	-0.0852691821630516	0.8497304941657098	0.5210798728474068	-0.28547303918921274	-1.2983048392190717	-0.11030463190258412	-0.11250532973182899	-0.3463609023776835	0.5399588806239782	0.07561079667558414	1.343720394814107	0.29882323085746676	-0.03779761436382425	0.34208365614647085	0.6927752204349557	0.07831967603625713	0.7833511065612669	0.6855869408923924	0.7850121951808138	-0.8658333094362088	-1.9338288675364395	-0.4666385633749396	1.4466263844240825	1.0666529653526786	-0.5481292588813735	0.9269701376839542	0.40610289527399074	-0.34025338929955556	1.0549989004203455	-0.39477133302256473	-0.8913495223320937	-0.6716202379538887	1.2715553188267663	1.434434234152806	-0.6678999896224895	1.644571908847545	1.5388074675774248	-1.0592304590317412	-0.15556860574914896	-1.0307038553610064
A0085	1	-1.299022380204708	-0.9025358981848267	-0.8564783266039706	0.3488544916947377	0.08835389252170345	0.06762635786673611	0.10280493949880985	0.15532465265903495	-0.0015876734583836244	-0.06430434828190985	0.7583783881345961	-1.083216737683865	-0.9368007944584669	-0.26060797161281263	0.07152902432692235	0.7807132169657833	-1.3972341155408496	-0.7956720509690006	-0.39662872769443225	-0.13808418896097704	-0.8218804043620405	-0.515843914881218	1.2487808007786831	2.457275590140114	2.0356184672082343	-0.6652660873361997	-0.40884621996176584	0.6168600687909156	0.48452486538060685	2.042164912176284	1.2470858144986314	-0.06056556313995042	-0.21864056991664435	0.09047807059402882	0.2291319358432124	-0.04892517737847982	0.16486772805899658	-1.5697641698635842	0.2861319021443043	-0.7980709868040428	-0.13261678349009234	0.09424528043889988	-0.8236195247890984	1.2972982147788976	-1.6047447351155057	2.444126911871829	-1.5329536768129268	-0.5100896987104733	-0.7668484121995316	-0.6469482395658802	0.18118161805662347	-0.2104385689112071	-0.5472922699452175	-1.7523142394714801	1.0192652675108405	-1.3449973831674578	0.10360530988690739	0.49924680223854284	-1.2976269805908605	-0.8690750943120822	-0.15445372547335967	-1.1170345763953158	1.2211940445857172	-0.04432720688613659	0.45392797579916183
A0086	1	-0.42415530932079226	0.4929225205969183	-0.39336143599356704	0.13211384831712633	-1.126565204661372	-0.19440038577895108	0.3672356693002324	-1.8215201841892497	-0.3222059802580676	2.614382846451311	-0.49046656800496535	2.0959111289619283	-1.4931211596419607	0.328433242929391	1.044103878128315	0.8288729772181435	0.9226111596997358	-0.39438927595019474	0.7695801181358833	-0.8246163834120463	0.0009158090274533408	-1.578313440261646	-1.0356164254035591	1.6807542868336842	0.028400103281051622	0.5531559326206449	-0.7357283537977031	0.495757425970579	0.1333558630168541	-0.9343997098682014	-0.31783492268729524	-2.2375950102201503	-0.2661458256425112	-0.8650330948000681	-0.9284360569207047	-0.06965171318080386	-2.003733063611159	-0.27547841149507196	-0.014386620726593104	-0.24621490196882914	0.27215312611822134	-0.5676353172692112	0.3526736182291338	-0.5701533175164194	-0.4277329348260953	1.2047757501564635	-1.2382136406749213	2.1134945391947557	1.4561200696375542	1.5827155384924472	-0.36165195509899106	-0.3220538549882191	0.6116503256968736	-1.1003294477833012	-0.532132642019973	-0.33709560299298874	1.93771684800587	-0.3075430321045926	0.5528114581618867	1.0128581838696693	0.3895508216724726	-1.7433265351260896	-1.329959427634284	-0.2005501219189291	0.46243131382226327
A0087	1	-1.4739538602969544	-1.3400686957625896	-0.13603492309377194	-0.3318191273939133	1.627220129096739	0.0998601532184023	-0.05131030937913427	-0.6198562539272202	-0.09952964968186143	-1.5281856984697717	0.580072178452407	-0.9908936851486951	0.9297492927086183	-1.875587614127994	-0.16672212580647172	-1.375748318467339	0.6269273981952803	0.5440351266367868	-0.009386106225326452	0.8095069637263926	-0.7778651533211919	-1.5795042474533894	-0.1645544482486111	-0.0778536423066111	-0.5980709111644367	-0.030142966503262484	0.2967210300877786	-0.6148185580837271	1.0204427337693713	-1.8530862627851523	-0.0710070461869145	1.6617467872955396	-1.222675559930121	-1.0530310463703376	-1.5515264947003933	-0.9430277672836896	-0.6500029565029433	-0.009841096901640319	-1.9232669523258838	-0.5251184909982153	-0.1475864540777674	-0.9705452232680066	1.9572401805380628	-0.48555237282032593	0.5143280141413026	0.5427727718177163	0.9072561629319899	1.4862783000201445	0.9189880207206954	-1.9529744033362728	1.6380255703643898	-0.8555755869826673	-0.9842192204071273	0.3187076750653613	2.0927365470900425	0.5270222698367214	-0.3886969534365662	-0.9817340447716211	0.21906530791155812	-0.3576776476942171	-0.35628218715015275	0.17164758982585182	0.652389062938111	0.40630913075228153	-0.5222214946195197
A0088	1	-1.1587087078769214	1.337287169028731	-0.3222393319250931	-0.01952180393499254	-1.587699394420315	-1.347970631711406	2.2069455290863034	0.2708680139261115	1.1213344826625449	0.2056099909883784	0.40144330396718586	-0.4122811713797061	-1.388476866770077	0.6957376160844548	-0.46466894665467157	1.7393838579522012	1.9169982307575912	-1.647177722021618	0.2431997519226081	-0.860861682210418	-0.9802066125632899	0.34477080638367247	0.5083702104445181	-1.4918242796656875	-0.39428306178838257	0.4817694829167123	-0.34770050597831786	-0.2668226695743831	0.6319233684276689	1.1485807265071308	0.36687491167256514	-0.4209731751958369	-0.547248793426613	-0.7484122590720624	-0.7074864346567359	-1.1144579877595018	-0.25849808682786957	-0.09277027783987997	-0.17863723219923824	-2.760278897007577	-1.5007150696610012	1.7094565501424033	0.2986053991592421	-0.0419417428720729	-0.568374639393812	-0.6258900193565082	0.4719736558345911	0.5409381391247255	-0.319490687572565	0.5817541817867797	1.7940055293866275	0.6276975920225718	0.6665131895649862	0.20903002852606078	-0.019282778887366223	0.39224640890986284	-2.1760052852008287	0.46415308160190927	1.898000812836392	0.11272843587010888	-0.08357071326827428	0.17918628128829056	0.12880108729751075	-0.39850226579042736	-0.8405105448065128
A0089	1	0.6898063066840193	0.2809439244662343	0.28992896598544876	-0.39911509638703657	-0.8511169500791808	-1.8169227939968675	-0.23622444819315538	-0.683641370097506	-1.3830302256507006	0.5787461693145515	1.8350668298505957	-0.03363488557926664	0.15213583888469054	1.9639207916107833	1.1931610501958532	0.2499445317992044	-0.9443998358094225	-0.11673835730394477	1.8921170604830506	0.5166011448353245	0.38081251984390174	-1.0827278438079087	0.6519416683808397	-0.7142290655279285	-0.010645365407188025	0.34491014790458047	1.0018747330895499	-0.9310773829082746	0.4160584253571175	-0.14792917060928246	0.7649429168277037	0.47688626381533955	0.007810506042943727	0.32563899593073764	0.6186028304480259	-1.4340808675072025	1.1974983052804875	1.7811647729239808	-0.05606125886486424	-0.7658593738005975	0.6051147546623306	0.6210656829942673	-0.2784676432623343	-0.24916583605097914	0.16916984514991623	-2.229214276527657	-0.7318831806648237	1.1123654597259314	0.6084870859664703	-0.058561200377326074	-0.38805292057463114	-1.4273634196257086	1.3307257110713706	-2.2785138684382154	0.7441642006637006	0.6470081488009498	-0.09750545255953268	0.4254203917988437	0.6503347481457876	0.5417378448882251	0.5394993260043014	0.5477837051793508	-0.5909097468063026	0.15405936306240212	-1.3753208803192318
A0090	1	0.6124180183774887	-1.5453148507826548	-0.4975084325519388	-0.9639002465662999	1.3882060278556132	-0.9896859349246457	-0.9348157584054604	-2.252778363164009	0.5308347222665339	-0.36262301612100833	-2.0156323173820874	0.4404373667878259	0.39000402446533816	-0.9001443663568746	-0.4714826469861906	0.09081027049215602	0.4337992361401493	-0.03278436120436924	-0.8972053032097197	0.338795925326745	-2.0390466737591413	1.427149658269969	0.48717772952940475	2.1527016191874524	-1.2128510088035094	1.6346193996521508	0.8843720008804277	0.9064747699641278	0.3203194229957488	-1.046689337877078	-1.1528694017046117	-3.030210074949347	-0.27435787096698894	-1.1972839718064823	0.7163729549245396	-0.8405712611793215	-1.9979195919529196	0.2552164330558226	-0.7837182982479639	-0.8703292217708528	-1.6560006963770562	-0.3582956934614674	-0.7029667784197016	0.8650038361180918	-0.5855889037534739	-0.48552975981339097	1.2121735066158141	-0.19730011608299608	0.6629254900324517	0.9239976563458041	-0.47155578797947945	1.7022271231360064	0.08300306650098582	0.8002594037868832	0.11623964268200343	0.6582322137867969	-0.06584356252510867	1.836791051417706	0.3832877264918413	-1.0745978798953784	0.8626551435564783	-1.0386629051062646	1.3241764726900644	0.30781105665478947	0.1942040225474184
A0091	1	1.2172540387221855	-0.3419497067742595	1.0643951433561998	-2.381592834826337	-0.08787899330335401	0.31790865625441295	0.07766558238822985	0.9955257921076041	1.33240836202122	0.017518754810671267	0.3166263612424587	-1.036727637704383	0.4187188604416341	-0.507730837017395	-0.5915519630444624	1.0491285843626268	1.4199474446779063	-2.644881808746716	-0.07644966718492602	0.8708514568583835	-1.4181853084171134	0.8798416325229453	-2.7033527765238703	1.0280909448699873	1.463078375469746	-1.3943856932934435	-1.5770620895327965	0.04470882634163266	0.18245682704255672	-0.602836908681386	0.6144839227991561	-1.5850530121969035	-0.20522970483060277	0.7375608079203892	-0.28016974143162604	0.060179177364101735	0.25606062540356	-0.9899371834621485	-0.08044788240802718	-0.9275990070407311	-1.5086228290923607	-0.46997989486641956	-0.321679719686385	2.8800019814787663	0.875283688356813	0.36898672725074294	-0.22041182034285423	-0.6376934311406212	-1.7003665251685032	0.8278822408994465	-0.26214978993988847	0.203665763113968	-0.02477986421392806	-1.376205289956327	0.8929116038028396	1.109223453553735	-0.35399638818952184	0.7879174996107353	-0.9648218256859529	-0.5590317731884781	-0.9233195902248197	0.8996326588760482	0.2924515838463365	-0.4347413194321718	1.252059318599842
A0092	1	0.8731560566865046	0.7813459474534808	0.8074650444674848	1.7079016032780223	-0.476192786251767	-0.5501646923315023	0.21261221916265835	-1.1349415810689496	-1.4057293204652508	-0.6555355107760342	-0.26939015223087054	0.8959372072779009	-0.7145788854790497	-0.21109218355664383	1.3295294989835629	0.5492058981395861	-0.6838653447973864	0.2257019133468975	-0.053164123363044234	-1.8348092529742601	0.43446968638076566	0.18406446449649555	-0.061164430513013145	1.6091531875194311	-1.027836130294767	0.5424172414960226	-0.9746630271018706	-0.7574693701427981	1.0884178170004346	0.6934264864652009	-0.7676183073385716	0.5302054583770853	-0.721135078675645	0.5506066519420855	0.7722957661153864	0.2652100349712311	0.10110079192818447	-1.5338708150965512	-0.4272331349072804	0.7014668728144706	-1.0465019960687103	-0.4345864620968667	-0.8853434406136589	-0.7858474326148744	0.7738556775300744	1.2221795150216115	-0.5849357514927692	-1.1686749175446907	0.5865937228263075	-1.0049070825894544	-2.2504674212522406	-0.08973887608470953	1.1183550580159536	0.49527574365503935	-0.13851623735192833	0.12225470574255776	0.15563688303176904	-0.7606653461623593	0.3717489365498305	0.2820972600983265	0.41643365495921564	-0.807324251877885	-0.9211336683217725	0.9996410981378673	-0.28051115808648636
A0093	1	-1.2527428841241828	-0.3434115688815938	-0.30502354908509316	1.4872792975587397	1.3064548860435607	-0.6496819147779823	1.555454284604565	0.3251226453293821	0.16332834412861008	0.8613952889325599	0.40345640147244244	0.9434485842439297	0.13443687505878557	-0.41857778598208917	-1.2085989031194948	-1.5543301558757998	1.1517247429225232	1.2978452261489268	-0.23210744126209576	-2.0103680632713323	-0.6996474071735573	0.49181286603316265	0.8676122166223563	-0.4904214896463176	0.9173646574266767	-0.5775232032325238	-1.0419539715994275	-0.10946845192079216	0.09417305777544155	-1.4605404815663212	1.4604520082233963	0.9831716404091307	-1.4731957809656078	0.9514987595646222	-0.837604606167483	1.1328428933777763	0.14643106131318004	0.43169216843906894	2.940908461165003	0.07843790709685623	-1.1965650172900186	1.0536603154638287	-0.18865173825798226	1.0836568931203467	2.379329603471209	-0.6780399410890398	-0.9490629716953333	-1.7478968819070801	-0.8424232228360489	-2.2057404463568657	-1.9660785836065953	-0.7829906661672256	-1.9110380144479762	0.06227686500936221	-0.060845578270825734	0.6633085642331081	1.3585543884311821	-0.8465491006031095	0.8303685353406952	-1.1054158653759716	-1.385289470147128	0.20812161377524263	-0.8037826522071053	0.38021105584191034	0.9579733541905003
A0094	1	-0.35439207806779605	-0.4162782707214433	0.42968395416714156	-0.339034853220677	1.2849841633633705	0.4588818585623956	0.6498847877736863	0.35540030663525085	0.5535385622394005	-0.7661467591904928	0.42705029161660557	-0.2579760516103457	1.488584738591826	-0.9727511033940404	1.1133851297673465	-0.7544983512498048	-0.4679824305512973	-0.29266597588180504	-0.6767435523544489	-0.0018040690729269088	-0.03361611429060188	2.3273122374384343	-0.4910742235268101	0.49485113861197233	-0.2073074293788182	0.6008300771725592	0.941936083827028	0.12603869656871658	-0.46550919535971713	0.0008775169008905014	1.1088041662077424	0.5628068756195892	0.9490237135398941	-2.123561021594969	1.393835714770572	-0.3697053741612415	-0.3870075181385219	0.5708120712555008	0.351728614093586	-0.260090368216598	0.23229289693550192	0.8608024898797374	0.9416662481289259	-1.2276597051055307	-0.6777229445135009	-1.3907826940830132	-0.028962515313943688	0.21321338917957702	0.3821967182627536	0.4700758057666092	-2.157526903542328	1.4818359848674072	-0.6601211784179588	0.6927657222079403	0.4170362425660716	1.0239336096861147	0.45943014731578935	0.775208667315679	-0.48216110617494945	0.4461139583325281	2.0655557984531248	0.5636289463808973	-0.05194988890349054	-0.4662791832634795	0.426970518059412
A0095	1	-0.004382171894122585	0.1688831092054532	-0.9322761846033805	0.840801781380766	-0.6899910109099395	-0.16778634322870603	2.269834965747955	0.5839048515266991	-1.0181564411380177	-0.6976550100871202	-0.6693104780886729	-0.9102671026385332	0.5932313487465957	0.09250108264309705	-1.0919885756459935	-1.587694393658316	-1.194129556818384	1.3597914154232895	-0.6084151916551348	0.05405680667745324	0.22594638107026555	0.4880859526709463	-0.5564452961741009	0.5942940482602945	0.2531342043936549	0.07590668748375327	-0.029550478706766376	-0.9492731164847588	0.26051860339507404	-0.8255507472911668	0.2960670022986123	0.0047649806517995235	-0.6834332166040878	0.3219741435277343	-0.5040764623779023	-0.5193792800044877	0.7831863382191656	-0.6320204734582269	1.079039956879488	-0.953183636384654	0.10441001729287706	-0.35430375223196325	0.31425857699345494	-0.06505982066360803	1.084100718777688	0.2796563446750979	1.214629379696477	0.3080029099957448	0.3574492335407671	2.510811558178898	-0.9122901072583638	0.22226652689361753	0.48125479949599803	-0.8154391323442498	0.7902235542199669	-1.2047691061935717	-0.25228255457316606	-0.9252082009798211	-0.4292806413830447	-0.454857446204836	-1.8812285268414373	-0.49417407666132956	0.6225501468430987	0.036587361274317005	0.5066986735283754
A0096	1	-1.3489922749700427	0.3993356430149608	0.4932101080027956	-0.5481691778645443	0.3710114558812019	-0.4836825192192357	-0.31430486762485726	0.5033295705222153	0.4622042418747806	0.8666563793639178	1.1125940057521087	-0.1330985158120804	0.02575532269269973	-0.48288352451628364	-1.1981532357379132	0.2674600755766763	0.5510050787485941	0.13075972200960143	-1.5568097859249552	0.5054130292882081	-1.3623861400992017	1.1721755413025872	-1.274944344462332	0.8938624223787542	1.32899742743569	2.3289627745384096	0.7394189201513159	-0.7239151442630007	-0.8101206690901613	-1.653412871505113	-1.0841267632350564	0.4805335920469401	0.9029517574158431	0.15633861882356934	1.491969127830585	-0.6882885174622645	0.1483046329737187	-0.3313039165577339	2.091180391825971	0.5324974834898448	-0.3938591377166558	0.1653626426482582	0.023045020321114072	-0.398761124904587	0.3370912000433194	0.26969177648344095	-0.4939264919413178	0.11660922317981044	0.9604416425328575	-0.5991413918076777	0.05616771858234528	-0.05043350254967956	0.4206961416568893	-0.5393038140236027	1.62821973569537	-2.6876062753463787	-0.7248244235116011	0.3377225520020309	-1.3606320797237323	1.6556734006071863	0.4712224501338664	0.8707350644957147	-0.23811182715651585	1.0167169824318563	0.6157039704623041
A0097	1	-0.4704511084999402	-1.5281464209520579	1.6591373832175003	-0.7338951832529969	-0.5737308898770982	-1.4602276945248778	0.16749874280168703	0.3531039065721561	0.03607133740305119	-0.9635596818049115	-1.4956022115987797	0.34623178014462946	-0.7696218537710419	-0.6588733148704886	-0.4195053535180474	-0.12931062611899177	-0.25618809747522275	0.9593718711001522	-1.1982812123381377	-0.9709822313959611	0.1340012034257824	1.815768774135201	-1.486395228488591	0.6133149829918445	0.8329196810975291	0.07068628454317037	0.7546651331881008	1.7877356220263527	-0.7073129296467096	0.09259138432547714	-1.4337816285986833	-2.488995853798855	0.3312141958295159	1.4397442729937941	0.9191000334005145	1.585215669901292	0.3239339804189606	0.277700681377883	0.47062831464577276	0.12665920110598694	0.08933297418529478	0.14968156163943883	1.06572736924212	-1.1370821731665348	-0.00016926472619339917	-0.2935368491738646	-1.8363666223315511	1.1385103332052626	-0.8817078216042168	0.6014411228275262	-0.7594861858420298	1.3941948201987102	2.0590395441585394	-1.3029888962705947	0.9790733019984241	2.227631715820476	-0.225594281891834	0.7316613441233855	0.29729227216959914	-0.18501397074856235	-0.2592527637409112	0.7830896385161127	-0.7890410897513899	-1.1503697544291098	1.0064677901814199
A0098	1	1.1876655190857563	-0.3215160968579252	0.04429827009386444	0.4406923041430619	0.9876604242710253	0.949821243434565	0.4335195501821188	-0.044740461534623494	0.9839344989170064	0.5849107569156815	-0.16936880542112517	0.5666661824849814	-0.6432479742040411	-1.247433643510147	-0.2598999893397289	-1.1792491981306652	0.9070388607427127	-1.4868397178248844	0.8854420840101035	-0.609721098606752	-0.2134202321855556	1.7960611051338073	-0.49398994797300355	-0.6887154474040396	1.1079350889504778	-2.098689672152359	1.9048499374892809	0.5854871600534487	0.8679345719911938	-0.3410759223147108	0.0021122602363550305	1.6584651438988347	0.30788202203622067	0.5313874215246254	-0.45445998055913844	0.17544469030372553	-1.308712979129603	0.6013287983530675	-1.4022625905417982	1.021071174714851	0.21791640500276804	-0.2724932863735784	1.804518979941602	0.2726318259322916	0.14533047044169708	0.27729564942561347	0.07050523681875337	2.2258872707790043	-0.8735150973729022	1.8441584255409895	-0.6602111404894762	-0.7325040912431795	-0.6181578995597983	-1.0547815575254895	-1.1118415945549682	-0.019344659114503986	-0.15046151621696383	0.93956128799926	0.5085952031887133	0.43727361551995225	-0.4212702738984525	-1.5870686364629567	-0.8734599693560534	-1.389708260328965	0.42208157521483103
A0099	1	0.8953807711579767	0.10996994307841634	-0.6349949571812382	0.6703932101949752	-2.0829518891698573	-0.911388088562452	0.2301535637236453	0.7884640823278309	0.5169413768794521	1.3148662857257558	-0.8302363548431526	-0.3883102230064166	-0.4255449225920658	-0.7990553624058999	-1.2509717842671961	-0.41861589375503583	0.4600475652706524	0.6045900870592147	1.076239054848214	0.9009179674393816	-0.24030665198425316	-0.12006821434273793	-0.2584815425623158	0.5548734321500408	0.21986688024630754	0.17518701231443295	-1.405110582661542	0.310469238993441	0.17157062567046077	0.5149093549698335	-1.226067902718651	0.8318617143370759	-0.1590540915443379	-0.15032839873522352	1.143784943757314	0.31996832098281525	0.8285191947755326	1.0049964272228176	-1.1707285869150292	1.4519492195878574	-0.6448718624757651	0.3972933163122562	2.254787628872895	0.7359994861337523	-0.2281841060528053	0.44819487714158873	-0.19397220105985882	0.1798577629127652	-1.5946331457311682	1.1821470029202634	-0.9611831246667829	0.6436439400284983	1.414427966049614	0.019413831518539898	0.026407914799818997	-1.6004598155217826	-1.8369949854239531	-0.7103020635302524	1.20894233715095	0.13867145332021988	1.526311798320767	0.813990315402032	1.0790469709050123	0.2693949504369765	0.3813252466727208
A0100	1	-0.9873223592284739	0.43383300752452064	-1.0956194720715282	-0.7134544660905768	-0.6343671671460529	-0.20287165080634617	0.9082452087059145	0.8013647485295597	2.2890057857786346	-0.15595011963122687	0.0011943559763672798	2.417564074312832	1.4883693592816813	-0.024636412136289355	0.5828275901421658	0.6842359666726815	0.3627964321935158	-1.1362691269371168	0.11419347988365207	-0.8355107252293039	-0.4204261007478729	-1.2362767724285773	0.09373662332787218	0.269482188530225	-0.4699170107002668	0.8119218852435375	-0.7392162449470668	-1.233451334551179	1.3929780125045608	-0.6922213446361674	-0.759479299231305	0.0017784026080131991	-0.8591761245382898	-0.9223908300435648	0.12382444019197242	-0.06980608295925067	0.8440116799585913	0.4435571025823927	0.8771109618922034	-0.20100889422834342	-0.4296166054382573	1.2117345320778674	-0.8811747613311959	-2.5977804908573057	-1.0006507404681488	0.06139984745810616	0.7733889904086364	1.6541803906500558	-0.6490663992418947	-0.9120080778401255	-0.962437916151053	-1.3336632813636817	1.193713869127263	-0.42613462029507704	-1.7808108481745448	-0.7994178427059593	0.0710016178440441	-0.3206341908870364	-0.4034443052192318	-0.4750636728513488	1.4531334069861361	0.440004495463823	0.43968469715395464	0.9045262934897589	0.12173814303282186
A0101	1	-0.2511098819881574	1.6692775063412368	-1.1412258976121092	0.8782004536858848	0.9340674251383938	0.12905127935175337	-0.32140618850452185	0.17727123714113582	-1.2311666727051256	0.035566360128571894	0.4484559843155506	1.0488141620494853	-1.6087447294141977	-2.8462507270313893	-0.2166489042006585	1.380597564872168	0.04276806289939891	-0.11293761655557369	-1.78835259191723	0.608065562563847	-0.5846359773033283	-1.4865695078731096	1.6039420996505322	0.8688315762713936	0.4657373196083691	-1.0212508941822878	0.5823029033921604	0.4834699946125835	-0.42675124548000504	-0.41745600529336835	-0.36921360754791666	2.0011855288056655	-0.013790856622516704	0.26871963356396267	-0.8770492747383056	0.883713390888957	1.0894323901709086	1.233333068048837	-1.286848233991096	0.9617925604003416	-0.06816096277757931	0.5442553802269857	0.49905196060337836	-0.6218425651796642	0.6938608921620829	0.06540076629951999	0.8610276152006296	0.6401030844002612	1.5728082843542246	-0.7174246329728488	-0.6208103014156069	1.2496980102506192	-0.07019569126401944	-1.2879184996627249	0.5859961109089554	0.9302724426455125	-0.6293088182744886	-0.30809038045420073	-1.329114984303472	-0.1187765533238308	0.691496213662096	-0.9088079486779613	-0.9086763859275753	0.9774968419620927	-1.299010303739893
A0102	1	-0.1511912691872147	0.5278308568709975	-0.13068184331553986	-0.5840045490180401	-0.3289982988106959	2.08806145089286	-0.6311003066678004	0.5007793849621549	-0.49281233420842513	-0.22050419819336786	-0.8956409768045034	1.0741585001594485	1.1045557160995172	-0.8198747735860249	-0.0570321069968803	-0.20964688507523263	-0.04286341077056702	0.12197224390294098	-0.19254557616914958	0.5094910849340303	-0.49775271377907954	0.1832216235049812	0.7664265755709924	0.9248838936801601	0.7252369420610514	0.3344518605023653	-0.02996422799033573	0.19614637663891665	-0.5553198868155974	-0.024300293613912328	0.0803779617123983	0.3881586658436828	0.9115805746910173	-0.3310123491859938	-2.270974478662407	0.3948957729125337	-0.8570379493602535	-0.8670763549314541	0.9633507235394129	0.35211470042887916	0.3704802181035892	-1.2143735115931966	-1.6244197161304197	-1.777296014427056	0.07736514888951175	0.36362725833037335	0.41662051979975046	-2.4950717478062026	-0.5435225113319956	1.3077920473866478	-0.6745058263089406	0.06814686521339663	0.9088734074403674	-0.5642578094678088	-1.1199164554867809	-0.4272252684880766	-0.2933396239893276	1.3609982548981192	0.7674557501789696	-0.9254237352267525	0.5393395473222018	1.9918034852965127	-1.0895421059419619	-0.5070260871057322	1.60371187523012
A0103	1	1.706242180390083	-2.234199956385555	-0.11797691375324826	0.3508390721709273	0.8168970320496141	0.706994781629723	0.20190672085483852	-1.7519907535151689	0.9455369829406763	0.895033963463184	1.9599753770335604	0.8945991587462696	-0.5731748486243199	0.6826123133873664	-0.6597345481101949	0.12047834660003356	0.09471758015309685	1.49620281903455	-0.15971547855325552	1.8114370332685066	0.672939455644976	-0.11405653372705608	0.6861912301095668	1.011392444764884	-0.4391872749553382	0.0666670213752939	0.1584289836355378	1.57164251531843	-1.5429960193382	0.8414683267902072	-0.7778877972114886	-0.619607182293193	-0.91691444535302	0.8784240223890227	0.764249166921018	-1.4615874573581429	-0.5975377663577681	-0.9287788614471075	-1.147748606072287	0.17050693968618555	-0.2311303709439623	0.10053586320436343	-3.663801996965874	-0.28406758133208754	-0.6453977485081517	1.0651662453404518	-1.0979073140124818	0.358994986635987	0.21113252583677525	-0.8169372164156512	1.5730453250915268	1.054194839425755	1.1702563694393804	-2.062648778506488	-0.1275523987110663	1.6830966654647566	1.1669995134868203	-1.033919032211494	-0.3136570452049623	0.34097153480513115	0.6409926892396538	0.45514149693326533	-1.443368662877259	1.672350039776244	-1.7540109250227218
A0104	1	0.3589296794198839	0.9332788078904419	-0.2613138243081491	1.058971465379321	-0.07416884957393187	0.5397118134656793	0.35786977936464737	0.20388188652584283	-0.9092742385098239	0.38765733082083653	0.09104918288435561	-0.7323223718614074	-0.9423668968839259	0.17873681169373976	-0.44048233647264357	1.0106065903534498	-0.06998157542509242	-0.4072992127865977	-1.0965838278149702	-1.3273239939285224	-0.262579956653021	-0.32441082976354985	-0.46788939193398	0.7884766351265659	-0.8804297432844216	-1.1738816774527983	-0.7089071928022005	1.272557738119374	1.0417117240770972	-1.3501492234383647	-1.4549355800478123	-0.2963011047620104	-0.6337362042066021	-0.158380728572759	-1.312429884248853	-0.232180204542782	0.14348823398200913	0.6225802655771266	-3.79662971468752	-0.9883803224173838	0.620654751653946	1.1074617638797157	-0.39606890478888723	0.31848682834647	-1.2970814680928733	0.3097910526463127	0.3651022205850815	0.5985596046609899	0.2890159251070844	-0.43047663306153205	1.7139671468167323	-0.21805378683365104	0.8788516233869471	1.6292834208454405	0.7974965871037061	0.5209466226990868	1.659106395769271	-0.1477883809631159	-1.2186943285757132	0.2571378067197354	-0.9272865132120679	0.0005900879552486025	-0.7649561365188419	-0.2811540665945475	-0.0929978059305543
A0105	1	-0.8939181284567671	-1.7263886079512638	0.3082135229396561	-0.8648370030123458	0.42574067105433056	-0.022974910636584998	-0.3776461595235385	0.26972448947809563	-0.35417755065749806	0.7868646007063689	0.32509786489330317	-0.6333897996545048	-1.4072918276362636	0.2605276004955747	1.6539630349539147	-0.4734154075062365	-0.8790597023380514	-0.27694034509994064	-0.6066759294378145	0.32736342631252874	-0.8363220182426643	-0.1641988383117934	0.8482470004350987	-0.0075577171297079955	0.8383661882925255	-0.14888212110366927	-1.0104815528163262	0.22369148382810441	-0.11356630560020047	0.7377504024753754	0.8864891579670502	-0.5728799786321619	-0.2772743964618925	0.4969550577501724	-2.541954719708017	0.09031715238542534	0.8021611279065949	0.32673783792791783	-1.0640462764746828	0.9677824137982682	-1.1627711391461768	1.8233714090475595	0.2766942302344107	1.8271746404807754	0.4671266860514659	0.5453769747109247	0.1646668707968781	0.5233527896577799	-0.48799431226390666	0.9858929409191851	-0.29451839781144185	-0.34853522521805314	-2.90599446705505	-0.24215068338675516	0.2230698449659065	-0.8083546407912472	0.3397850934326224	1.0251146745688497	-0.5272200077739335	0.7679141324001053	0.901036974284927	-0.6557649335648892	-0.21272753739477054	-1.1744176869782408	-0.29475283761413235
A0106	1	1.8981866237011558	-2.5265357380062947	0.026291407426338075	-0.6141953750562371	-0.32544224762561125	-0.5706411843365391	-3.6653707576689523	-0.9121773070316406	1.937744611469944	-0.21603468434157813	0.9996082790155836	0.09347826195620905	-1.4515861673386103	-0.29414903890906524	0.23793289106147397	-0.2422187170105629	-0.5164396195994594	0.10448099932378621	-0.726434077875962	1.2569393217017846	0.5653400493665011	-0.45323351016634755	2.195351831011039	-1.1219754994019981	-0.20602269544057936	-0.2638521793519973	-0.3427618604042185	0.6326107243540553	-1.4188676127251065	0.18570297723859552	1.087569518939124	-0.8207566195497519	0.30754521002411633	0.1030277711269785	-0.5401932715120518	0.055412248475000564	-0.24234310030246248	0.25036513900923385	0.19656896027296333	1.2851375797678548	0.2797745026765461	-0.4081141234369396	-0.45444443492200526	-0.4241032338536717	1.6507839107096012	0.22142008874632216	0.010380544442412312	-0.47684190313083263	-1.1633441205109571	0.717905862603548	-0.38918049329262944	0.22102213558653197	-0.23403664584490788	-0.9644509750603859	-0.0926560314901204	-0.4666829083092433	-1.22321519099128	0.7057678628895145	1.235238839608815	0.560358628225066	-0.2537695896647252	-0.11169865846919151	0.4271294461776923	0.035507968065177774	0.35608412223723646
A0107	1	3.117338998760336	1.7855852481565269	-0.10253284168399457	-0.8803897277328778	0.5697280559952466	1.6428968048984007	-1.3176297979884395	0.06979259793972409	-0.6223961682753575	2.057256608918237	-0.6348622680169873	0.47890624217768074	-0.023481886947115272	1.6974792903297005	-0.8243184945917937	-0.8261659795577093	-0.4069456363286319	0.5501950238846022	-0.7251376219738571	0.49621369597125403	0.47993623767676435	2.5298322983971153	-0.26260708446246384	0.09664527411947854	-0.6457438660053882	-0.47310282790683933	0.10297005710403885	-1.8228174480455357	-0.4757863601906989	0.3174378326015529	-0.535863102998668	-0.767498601782699	0.6192185437180514	0.9954585706741894	0.23817524602646084	0.8192989392166442	-1.868264811965626	0.5175079496971956	-0.11999724632944496	0.6970240744441464	0.522948266861174	-0.24552434233828907	0.7576207699391095	1.1235328773415643	-1.0310717409525776	1.4467055993595064	-1.1226174332394565	-0.1640375876451261	2.391498834989608	-0.49741536264859965	-0.7626089069617368	-0.6101409950518091	-1.3598451376418186	-1.265601894412403	-0.07085630965096665	1.0128972537522003	-0.3709919757908268	-0.6502440792637231	-0.2444924815068627	-0.0778504968691743	2.543953393892046	0.03192956922937809	-0.37457715977174094	0.5260089596398867	0.6706694358231763
A0108	1	2.1995450151819487	-1.3797446875709818	0.3683996337179597	1.1387284210255828	0.40809014916227726	-1.972199491081388	0.037911370933910976	0.03738601319734612	-0.04067244701810269	-1.2191618696096034	-2.0604374428745973	0.3885074888642139	-0.9863826124904269	-0.5455023839784386	0.6678809764844871	0.5251040982022963	-0.49788609250121296	-0.14008817611609445	0.47604639298702534	-0.28284628813821094	3.9663000359419436	0.0026549848250787215	-0.7710115906189573	-1.7335893779807208	1.0346593028654594	0.8619660672883042	-1.503940035294273	-0.7537854325024812	0.6566616488815188	-0.8036217939333808	0.2823332649919994	-0.17523158090907004	-1.3137407175690747	0.12085742956420918	-0.09121438974289067	-0.6514081506537527	-0.4512378688758103	-0.05672663963755984	-2.375957198354844	-1.1798967238670977	0.8379960443456882	-0.2618025363433893	-0.31773858390560966	0.03039184044449451	-0.03876633267417433	-0.7249096625222627	0.7984472421831498	-1.0285885260782088	0.6909657055246184	-1.2960107930606743	0.20288202033192115	0.903753530880917	1.8364702715884733	1.0203806124793589	-0.7815960302743361	1.1056852325779272	-1.300359071474138	-0.3073362638799292	0.48398493151467176	1.020105984507182	-0.4822618667527735	-0.04940718561845125	2.13171423592782	-0.07908669959335207	2.1444672765770614
A0109	1	0.8702992675430583	-2.2387423224840495	-0.6584557938279597	-0.6503277346572367	-1.1471393711621583	-1.0915143276957613	1.497769358025107	0.8680749109159671	-0.5938637455995641	-0.3858384763164667	-1.386105696722971	-0.37915999595681177	-0.28837006723187153	0.5016220553611193	-0.7568828373868234	2.0895250357261945	-0.23356387090234768	0.9462107740605604	-0.5631663083164438	-2.4638252669700793	1.4556361216572296	0.3906681643982039	0.056003849105079204	0.4699732575967488	0.40141080300531173	-1.46815334694085	-0.4240986801002353	-0.4244179223543395	-0.7006151741891118	0.41948108122569067	-1.2005882675331598	1.1666210538290893	-1.4986046978918577	0.3223904510296255	0.9838884212145539	-0.9254531592074376	0.7267717651672149	-0.5235014107762744	0.8308677479727802	-0.16948171598893125	1.0648321039543234	-0.04298934593277674	0.2705703064121744	0.5789350519671923	0.5137915934242303	0.9841683959112006	0.4488944290534759	0.29988192013270776	0.2662862144318354	-0.042765127435080603	-1.182137016323978	0.8669112271265453	0.3394605803873484	2.5217110719166147	-0.9086867685953225	-0.37521593824119	0.21663873103277856	0.3547293041872744	-0.3993548897229536	-0.4210621426402065	1.4124849694291948	0.3370703071548673	-1.1738755463707369	0.8191902136696906	-1.0516153533912065
A0110	1	-0.18393840601490977	1.111591495434427	0.4979825201835229	0.25339009282082203	-0.1212436325698894	0.6343625031847219	1.0557366852525634	-1.3035046877958534	-0.13559565011431496	-0.2782756584798591	-0.030534415619035145	0.39996199199930477	-0.779843062018847	0.1728050851120847	-0.061583092234307635	0.19476714840958753	0.518122366204458	2.339764775001723	1.7891621288432014	-0.6576388231223409	-0.196194160500124	0.2639445599383186	2.125777109040936	-0.7278083081084096	-0.11061343235332687	0.04896082466696801	-0.38551526138640463	-1.093052061024689	0.4210378713127351	0.8988622379399751	-0.5628747170716332	-0.7631106197459382	-0.1822462564942206	0.4197194679101512	1.1774887524332915	0.2709335831825482	-1.2652068963619165	1.5693694176487953	-0.029311473780330343	-1.1383161414677023	-0.13874066397701512	0.35458352119371317	0.12450761886841483	-0.7748398977564804	-0.07564343527276216	1.1839629084011123	-0.9697578399563662	0.624447406147154	-1.3738455526131088	0.4644485103902936	1.4318193881359715	1.4788787292355652	0.7748680686393198	0.48852538207746754	0.1677617103836988	-0.7815129011964058	0.5528454085150779	0.7713379743669867	0.3868973581112795	-0.478645066314907	0.2374216368976481	1.3317960455776465	-0.37410209870375744	-0.3245185732046497	-1.010665912804295
A0111	1	0.14998354926132795	-0.18328019318527397	-1.1274277493288134	1.2217710431395734	-2.685129791798393	0.7606764830928796	0.6950146340076178	0.5904213253769516	-0.5460464725334266	-0.2264390830786514	0.5239238544049512	-1.063218447490811	1.0604403458093041	1.0260774015778633	1.142286787493615	1.5214929145050156	-0.4460153642591006	0.5914316018563298	0.05338255246688143	-0.04585706106318085	0.9710843720867154	-0.8766213998627364	0.5628624953723473	-0.547640171638351	0.132303279072156	-2.310543555773498	-0.02963045873915113	-2.2916157877629177	0.8442903884414107	-0.5606953466923733	1.092929025440601	0.4002466271865436	-1.4294103776179548	0.029402913090171463	0.9892006326898606	0.08060499682361826	-0.5670045254067402	-0.8376478631280054	0.24890089312756145	-0.48299357376420643	0.35460346529765663	-0.3150635561114793	-0.15489421694996688	-0.638742955692259	0.4579119779125353	-0.8091462646898734	1.184843077345831	0.7666781229565411	0.09172555377736283	-2.2683795693446154	0.954719948048852	-1.1355987600193327	-0.26755438588875297	1.8391045305914504	0.3879608437309394	0.5627592191580129	0.04082935495140803	0.9341245189164863	1.7477498310398358	-0.687925557128699	-0.7491389911740752	-0.30443415784191485	0.587211004138975	-0.8917409419941664	-0.40011086137375684
A0112	1	1.2386389721326276	-0.9422668058658128	0.014965200129089884	1.3192286320525084	-2.043305220016837	0.6238255221582625	-0.6654294802289876	0.6010169106217655	0.14622807850513714	1.2671957575069204	-0.5655304785937123	1.1629321938413213	0.8623555948521503	-2.55695480076497	0.10485798175401388	0.21761982057323953	2.4776959590510876	0.2677356586928158	-1.1699959839828977	0.01928737403252602	-0.12504263880715422	-0.6684910611939185	-0.2291804339618881	-2.2588115272709843	-1.2672038584544612	1.1089165581887273	0.6291072638006205	0.10445405430719261	-0.1658520332346507	2.094324645150984	-0.9905900026813457	1.2297655114248496	-0.802473878792676	0.007920470773334026	-1.1186455337902903	-1.1495680181242727	2.253296253934293	-0.42641533288348404	0.6270224609584859	0.8925102022956576	-0.5900917121420319	0.10808197548539653	0.7737348518145736	-0.5769277481643	0.8431786890027791	-0.1041685708079752	-0.3477344549286536	0.3165524975041393	0.3564287620907157	-0.7763760280124508	-0.6293201075121712	0.003760229590239652	0.3092915547894748	0.062417697143563475	-1.001710364181058	-0.32550159522988503	-1.5190276421040818	0.07223164963200733	2.2155559624655465	-0.9478462239581681	-0.8632796873166911	-1.474414061740249	-0.7301443010036202	1.9263313992890378	-0.5119240938025327
A0113	1	-0.5493333356265984	1.3223550859361275	1.2090728210028048	-1.6683543346713587	-0.5194451724213636	-0.07922919616051999	-0.3680927966456863	-0.013329400835144568	0.8181602604978656	-0.4767816221176267	-0.2624425515475008	-2.677075201387896	-0.8019034804715885	0.32502889875515484	-0.6127252650837265	1.2449646853968397	1.1244241969271311	0.41604758462811026	-0.6137698962642439	1.248698930618004	0.845802259293909	-0.5310122791039517	1.4478331215689415	1.2070181832573517	-0.2578187887196319	1.4604288831424614	0.2967903897497753	-0.5782258772516612	0.7406987562826093	-1.1837941283246753	0.1606203265489809	-0.9702897673733989	-1.2456702877951225	0.6008996844323349	0.8929267512296956	-0.517297222125201	-1.672809656404947	-0.8846924935938024	-0.07368017048127892	-0.4592017643897654	1.5032343725779977	-0.2050788366349674	0.6398448992201532	1.4366414054628707	0.03767140363379235	1.0329900742843763	0.14251889456202774	-1.1734082976646967	-0.3285053639220143	1.4154024641903933	0.3309032701435898	0.4344673908222137	0.7257445952423011	0.8946573654097003	-1.281219347347894	0.7083989694558139	-0.564437587140693	0.06275702564382174	0.8298146500202168	0.038263044770912615	0.08608919605859063	-0.20427385488158142	1.370543498905065	0.8090488677907268	-1.6385089450651578
A0114	1	0.37968918756004333	-1.3808748232482857	0.366543442613983	-0.03549402327379799	-1.0415528580387325	0.06347710053690317	-0.009054695274832164	-0.3242636282889424	-0.04488728003245308	-0.8619517899772569	0.775411257486591	-1.3205251157340343	0.14272973054945384	-2.2984014207780197	1.54577607736414	-0.24734667259545653	-0.022166031705122984	-0.9011022192741558	1.1431619830202153	-0.07987813113650179	-0.8507466782842179	-1.3345031280158794	1.243139482465565	-0.4014101339718696	-0.3592126065542589	-3.1917613157464015	0.3399783336332271	0.4185965032869122	-1.1466060613959481	0.5197222956434645	-0.20983822848410214	-1.171050062281211	0.0995865597226999	-1.9460950383462845	0.15035988780787296	0.20601187326356962	0.916744457951597	-0.7745383758239236	-0.04431272943869476	-0.4869311486133948	2.0913231664939134	0.8789206375835718	-0.46382321480526906	0.6175288766129957	0.5073291488428792	0.16636518193898306	-0.2821108932543418	-0.789866163128165	-1.0953580148387112	-0.3900464549263917	-1.0554816697325466	0.189668711437814	0.31373625912608416	-0.8241865674923349	-0.20010392364435037	-0.14976827374807067	-0.5933799616291614	0.03459677484070505	0.4980793516256717	-1.184374125419493	0.7642880190369873	1.3472011235341788	0.803483268055273	0.11738571679881595	0.8198224957174882
A0115	1	0.27259721893946437	0.18401116461725195	0.12561748292705094	-0.07207959214296857	0.3951169486627409	1.269602389524616	-0.3341837341998276	0.2010130292453102	-1.114122326415766	1.594688186378302	0.5657217316386557	-0.2657583937478421	0.6235295657032506	0.37580971003044333	-1.2815853906205181	1.1321157404012236	0.7091643462954745	0.5471466730957132	0.272544334211552	-1.0254182115685184	-0.10910667113690578	-0.6442363061274712	-1.2296400700026393	1.3136123611693615	-0.04813934981644634	0.6634737795740528	0.49947426063141565	-0.7974544869731925	-1.1192652010288573	-0.19262619904115116	-1.304294127545427	2.3555568250315355	0.4529916186641177	-0.4399069918016034	-1.4953772502720857	-0.4310761249143582	1.3796409223696726	-0.40842281504997424	-2.4147111225501585	-2.0451862986175198	-0.4344419168283455	0.8063900910273234	-0.6799540827666517	0.34224738551107414	-0.20157549541045242	0.5503370119943971	-0.15333431650094978	-1.679412666837449	0.28045157817433203	-1.2405720303201053	-1.4438748212129024	0.5399452550201949	0.7361123463781665	-2.353159335645835	-0.7789656225836085	-0.630588014980946	0.1668718576933659	-1.6281894321356325	-1.3443582821472138	-0.9882811625578635	0.25483290661781854	1.842341835208856	2.013837992437193	-1.3465741613535798	0.4904467031241942
A0116	1	0.34329672356297014	1.4641288463985114	0.15311221694089683	-0.04596533921677425	0.7310003115312649	-0.7387519018724578	-0.04459480505149092	-1.0399332947681714	-0.3590086015512357	0.13038783054676495	-0.07870178432796146	-0.7934772201883228	1.5171217435282536	-0.7747112287880865	-0.19965683296119735	0.06814703611240797	0.44542148425804295	0.10819804074516323	0.5679625076100147	-1.0976104671389615	0.22432562858840074	-0.983664733072737	-1.623791913221198	0.8910947703670219	-0.05393636309838139	-1.2961832961479904	-0.7824759240420067	0.6050016941573504	1.165073227448767	-0.07131082526597583	-2.068344365278233	1.0102258341916606	0.7408763813984014	-0.5099299811572217	2.8848121013008816	-0.9206113206120236	-0.3493054342520592	0.1487020509043105	1.8471366045769806	-1.0641306878290577	0.5113883078820071	-0.5238577597828975	0.992286708635365	0.6427324861475936	0.5990523241045723	-0.27474033815377163	0.6000920453897287	1.9453841668871519	1.0764479780372513	0.3993053771904201	-0.23575484922575907	-0.07002015851409328	0.3191039282531546	0.2807104718513241	-0.2660592838645099	0.21781633090181948	-0.492055937518617	-0.5077974265669888	1.3725205947329355	0.1577625591452116	0.9334626895825817	1.4408455223930499	0.08593327069004805	0.1526550122013378	0.6643037307149262
A0117	1	1.3188595171782116	-0.12686052153155059	0.15172447953193807	0.6415366720375694	1.6974411671630514	0.6302399419119172	-0.3134136451467033	-1.3863851858076337	2.486324928651447	-0.1836199174202128	0.378388075183828	-0.41994096767684563	1.7137481803271206	1.2622074217352721	1.5669302826793767	0.45075228098149206	-2.0518127729059725	0.19350304839412127	-0.06816685847068359	-0.8725627188020606	1.016222711415009	1.3927834197288995	0.3936581179374894	1.280910913313467	0.38962703648973035	-0.24931297699497224	0.49004572914911293	-1.1008703357302039	0.8365907469266268	1.7993550196674968	-1.3001918128206387	-0.803336587863198	0.33352041624993134	-2.2692477862292346	-1.3243979412605946	0.6644356617260587	0.7809904221536081	-1.4482904543350432	-0.1569358998596135	-1.4438966931160075	-1.3206667215927104	0.8029896548571805	-0.9536324462403819	-0.06542842030845222	0.2660818128695073	1.344801317204445	0.4340314993455998	0.11788292422717055	1.0762885558992734	0.17584750099356	1.127999238279831	0.8379334908491916	-0.4811118377956962	-0.7403959325158861	0.12576945729570602	0.2874960090855582	0.24959847780992944	0.976003039941523	-0.2807943006859839	0.5362621696334554	-0.2618341786838618	0.2727627084081918	0.00022835139640942716	-0.43738645039669505	-0.30526220606841725
A0118	1	-1.0241097115327635	1.442634794326484	-0.6813429629334277	-0.07355112170611988	-0.9488697921750555	-0.873224892311105	-0.03931501454688176	0.7480373217993549	0.1487462609450407	0.3791104755219659	-0.38209077324268115	0.048678641897396825	0.5219634342277235	2.5003041826927794	0.4592852710325677	0.4043667426305631	-2.1675172546883927	0.4727090106322707	1.0489969819388998	0.4989864397251113	-1.6443618863426281	0.8820700485291985	-1.4429601161006969	-0.8447539025519456	-0.015429884584921429	-0.08151990767991782	-0.8242567154756174	0.13557876396648127	-0.8113777668482867	-0.9911124694316343	-1.2550534315344384	-1.8461725467442343	0.8687238222924177	0.4662481541436602	-0.5227021321635322	0.22601103538689016	0.3795202812623391	0.5051464571543535	-0.6059858105103223	0.8859610400327506	-1.2728712760419778	-1.6618413602579172	0.1510043642904721	-0.5103315701474078	-0.17579645647816391	2.5779197262285702	1.403575692198512	0.9256012784093643	0.6141745282069165	-0.7197626659100216	1.9766999277519237	-0.5916434116005206	0.6065484327093393	0.4427829067397037	-0.5325516888434704	-2.1609049009989763	2.5968649630848386	2.115848844300989	0.16593284047262635	0.11622301008404014	1.3237292435059944	-1.6089648866768929	0.14387273741368675	-0.6383330804078624	0.2867294148054819
A0119	1	-1.00554429695088	-1.1794534467484277	0.6886034722759529	-0.3254618366993938	0.6790387979107191	0.0019393520556169512	-0.8074444817933378	-0.2815965681657125	0.03901947400312858	-1.1752100768575826	-1.1153299689739273	-2.190889956385571	-0.13362939340634591	1.4972054851384358	0.06658468873829829	-1.3301476321119026	-0.541434556977497	-0.44868440497151524	-1.2772447054572782	0.996160051799905	2.0401799460304146	-0.32023074626529147	0.9990493062501264	-0.41036315450586447	-0.34698726274468894	-0.5101117752519899	1.0569901125332726	1.1355112241945817	-0.8481755360088363	0.7665750987220312	1.1659940847843129	-2.6102523480446593	-1.4870499671733195	-0.87507213136835	-0.3686357310356855	-0.3838244438792875	-0.9279396831339193	0.15906835052389207	-0.11306722488976059	1.190937881056902	1.1209252622021382	-2.6609957523854857	0.2855808786090009	0.525005788361261	1.3719335734978793	-0.8138596541986828	0.37055021954683715	-0.487366938928555	-1.5745625813468267	0.49546819710427636	0.007676299056762399	-0.07760880953231235	0.42682835768555494	-0.17949140964978968	-0.37226207772129094	0.013179895809858193	-1.1472046781283045	-1.4454166913974043	0.8531404696264485	-0.7095004598579053	2.092814299412306	0.6636791881065046	0.5277302036451881	-0.36045756822338415	0.005460752387665302
A0120	1	2.54466118898134	-1.7642264552547737	-1.4625352794959658	-1.059629691170865	-0.3443812918022089	1.6435204703131554	1.028747327095844	-0.730364616778725	-1.1885445773122925	-1.7921349285228605	-1.6303764189318564	1.6418046517170606	-0.23583033758135327	0.053670355127539454	-0.6505059281330958	1.217957055474842	-0.9985881290081186	1.0466480093860806	-0.3142281559495705	0.5082706737949618	-0.006519744880212161	-2.0327293694698603	-1.052444285328671	-0.47032913818905525	0.9280519584744055	1.3430936452361206	0.27710162986525444	-0.1888945649504579	-1.7853605374164112	0.0062137307887528415	1.3346248796000972	0.276645012618902	-0.7746732140729177	0.550196501398121	0.8254582425027994	1.3272521998133875	-0.9609339758780288	0.9134986632362083	0.14517759518375703	-1.979983505477267	-0.9617767160220017	0.6963749355093556	-0.4668764480379141	1.2081229786834502	1.1979648244078638	0.6132090318205148	-0.06318081480817998	-1.5104359659670723	1.1553970770027782	0.1974215485719359	-1.1928574560741514	-1.132288389822839	0.1325063932675046	-0.49940253209015795	0.2849717967101984	0.020478448612931927	1.1976295336412772	-3.228711663945377	0.6158608021055894	0.08025002582990104	0.6110418138499432	-1.8538909286125516	-0.13454343164178773	1.0173501917340295	-0.06094119303677368
A0121	1	-0.497788147920289	-0.8167076100586482	0.5490788399439036	0.5384180842967893	1.6938194323178228	-1.1927728793697188	-0.7748018366626492	-1.1013372914666255	-0.049948822369819394	0.8983552714430217	1.006458017325272	-1.4816581742058599	-1.079864989128268	0.6501447170163347	1.8605708575129853	-0.059529681628988	0.6241425459533563	0.36627561538645703	-0.7750692704606188	-0.5271369712011509	0.40837402640775644	-0.9584031886551672	-0.05140921089359777	0.445798145169466	-0.7176405144186832	-0.8835579781676887	-0.42439321062762436	-0.19042051749397268	-0.15018256570866195	1.0188295577256814	-0.11285818472893801	-1.1601873658274862	-0.05404057913923876	-0.10748663828971743	0.9278861656735888	0.5527556041809415	0.8634305021204929	-0.8565879420789928	-0.8166053180637846	-1.6593352758244975	0.7162715394129148	1.0772312343766874	-1.53600020491713	0.49043463548273897	-0.8428172870740603	0.30077432786106767	0.33481231751288715	-0.6529028981948631	-0.10749880337711253	-0.5682723647291501	0.9513105706818018	1.5632466327852523	1.7324105879618856	0.8616848871811646	-0.24038285796649358	-0.0923062702523379	-1.8958128244751655	0.8799610132233217	0.9599836704559199	-0.9609297214869488	-1.6978489428226402	1.0269044462169568	-0.6212407182625569	0.8194023079848948	-0.2502155389379675
A0122	1	-0.12221687542601598	0.5389021116715714	1.916224709363441	-0.4302090721857661	1.17973588736652	0.7053671445112967	-2.194319188834514	-1.5384018264857438	-0.634542325615992	-0.2461228422135258	1.6056498411857085	-0.202997539949436	-1.1358742944824685	0.05328885419448264	-1.4619468123793349	-0.2616024452185091	0.3013272354341106	0.2925492549016264	-0.48390600939282336	-0.5337290128147347	-0.35683836508446176	0.31699605465364	1.2069241928759946	1.4151769428230891	0.49012936459970347	-1.0032418884510699	-0.9386571989262846	0.9226686052122818	-0.5355410974726194	-2.2060553390082696	1.3961714054057854	0.2859103944154002	-2.0135220551170954	-0.7835027449149226	0.8044639381638585	1.0721935009207766	0.134257588502258	0.7547662860981447	-0.27708642299552855	1.6498745430221127	3.414203968536247	-1.7358731853343243	-0.06496216915198898	-0.7200530417631484	-1.737052905268988	1.3201695323415252	-0.8231866567855709	-1.0001343242534486	0.4566671463375611	-0.9004470466954707	-2.5449826385118177	-0.8278767264356227	2.123713567103	-1.2148763697484466	0.6533972215543186	-1.6062228939068166	-0.7349239889379069	-0.6448278564872785	0.5018514750813441	1.559557495126604	-1.8149448836685915	-0.26192402490424566	-1.6812881015370686	-0.06188886405902648	-0.981427342312875
A0123	1	-2.3510176496828143	-0.2669225751931977	1.268362620175999	0.0548889109887848	-0.4035869191544075	0.6535489486473036	-0.17376027149343135	-1.5166556410407148	1.6857429395738996	-0.3091801964444388	0.21831727368074647	0.2896125452312317	0.45991134495435415	0.4399310961077825	-0.1091176525067732	0.6160711591425261	0.2718903456919502	-0.33176313673600116	-1.4687284840561763	1.5851512109647357	-1.067017794596123	0.9283304284166244	0.1669878828228761	1.4481497077206205	-0.5424939191443082	-0.1387000652719188	0.5180344493950994	0.15156209696617368	1.1643836622298323	-0.4303954216902828	1.0297207744554853	0.3102691326617558	-0.7400611688019734	-0.014042481498772855	-0.7990103969081829	0.9584104109689221	0.265642009011938	-1.7894372179168134	0.13940173076848372	-0.3203252491245176	-0.56297545156352	0.9585919350058314	1.8075720802887882	-0.013771589690790483	1.7487413679239159	-0.6317884254039926	-0.10151596923766569	-3.9270014623258693	0.8627803805507582	0.8003931092322268	-0.21006913133436111	-0.729299200436493	-0.2708290847581609	0.6873195586046097	-0.971926881537296	-0.02696905940277782	-0.921798821911182	0.9993455566589052	-2.0398718554650794	-1.9911011266050136	-0.6866513571802602	0.11271854328089552	0.8596024277707772	0.870908310866343	-0.9902553548740983
A0124	1	0.54840459343618	-0.7486967598441803	-0.8207587529652456	-0.11579063670660746	-0.4401960894404429	1.5628513793670098	1.4311351794980864	1.0380827394124994	-0.9740330886258386	-1.6565488642937458	-0.9937776806437185	0.8844914329093612	-0.33479443053242786	-0.9952021308190214	1.7309638892757104	0.4512548851665712	1.7009946520246604	0.06754231331797385	-0.46759137136561485	0.017864817797079123	-1.2244104435607948	-1.0937479682147224	-0.6248012487814173	-0.8914979870123826	-1.4994637417103678	-0.6500690390804219	1.0935907151345297	-1.6906333061452155	0.12660019561084465	0.8214689184570264	-0.09363187997581374	-0.1967144561700444	-0.15765398130596753	-0.9500992208712437	0.8198568916132212	1.0037636966067103	-2.545753920316259	-0.7112774750518035	0.5469626591419043	0.8018376679800304	1.3583315262207984	0.6797362704894474	0.5635244184799258	1.3990526535378403	-0.28140724842351383	-0.7435894793961146	0.8329079773903645	0.06748830726935484	0.6141828390436216	-0.6384663546507229	-0.42633778952192497	-0.759209907747831	-1.529962305234168	1.987929427499156	-1.691207833549895	0.11694417937948504	0.3014153441595528	0.8320004770170213	1.1155828312361118	-0.5633730797585434	-0.06704893284520522	-0.7247843502999823	0.6460859614862635	-1.7901714393734864	-0.3796174703280812
A0125	1	0.6242757965876988	0.04446618640454968	0.19169638711189974	-1.2571871484271597	-0.43655611675907097	-0.761215496342839	0.8272640570851575	-0.11052644526063489	0.2770624995459692	-0.5369526304578863	1.1666964038712568	1.042967290608155	-1.1120268913649183	-0.5470309871255146	1.1971366989307597	0.408535334693268	0.7643485455523742	0.5543100617872061	0.7167644437830047	0.18001378402485801	1.551242132417508	-0.6496120199082739	0.37962415599874627	-0.014122396248076017	0.7194767419592897	-2.1075683808928503	2.1418494438275304	2.2418037334528687	-0.9551457493471004	0.38709460121676936	0.6394361698543611	-0.10658810447216956	0.6656986303051247	1.2386010051042184	0.636402791364998	-0.8661908923669704	0.1230439401926384	-0.05553493268945421	2.2331744574596915	1.1264419321467984	-0.7925370609419489	0.059632601399807805	-1.065525726212052	0.268386992784699	-0.16922569286485856	-0.7234401537228441	-0.668706281196358	0.36406508174569974	-0.24097526658128654	-0.7239709221241307	0.5204943375760824	-0.34794364702757014	0.644958906562404	0.5324444022888838	1.8927505179964381	1.3312115852197863	0.5332656964633443	0.9080780468300534	0.9294111762540679	-0.4956038897805571	-0.060794112860189126	0.16188789252996252	0.4905373026940183	-0.46876462447450695	-1.7816759837598968
A0126	1	0.9185118141609652	-0.2952954414040954	-0.6026839954467459	-0.4297878057390412	0.27891723178222694	0.09118862090474117	-0.41976813792627005	0.89029328236308	-0.6013842116376544	0.9852843399515094	1.9890113541049703	-1.5406585641908535	0.5969029901463124	0.5307087941379373	2.2139046075045297	1.3020629868259517	0.958719242710638	-0.8191356745752653	0.7594701625968425	0.3105866359958927	-1.7573213872014577	0.07044412992178138	-0.42275475320588884	0.23869983214668683	1.5905203630879083	0.21219566693606373	-0.31562656773117953	-0.5058201891950819	0.006981826287397149	-0.44892256914897627	0.5547200667376955	-0.01880738233292868	1.2169216290298286	0.21156123237973612	0.8755843142180932	-1.0018066466501019	0.6332444957115342	-1.272679460110898	0.3378459069753139	1.071431317779155	-0.4609502521592962	-1.3902315500061513	0.47453330579156994	0.7800830674774205	2.304794176889104	1.7266846144906025	-1.5426795076251802	0.9099506717296253	-2.0804805251434133	-0.11654484549813886	1.7813169763737056	-0.22359918586080155	1.1761543420567158	0.3039639035005481	-1.0578330680153398	0.08047942309273072	-1.0814057226213483	0.06789360675319045	0.16057857507078993	-0.8988406635195941	-0.24233712828310583	0.03268039063622158	-0.24989177355547476	-0.9522686515684667	-0.17707343947362056
A0127	1	0.00012160922721427934	0.754334472621409	-0.4888256777023703	-0.8718815020447731	-1.0253874145214876	1.8262175711905602	-2.10239052931203	0.0670943242170759	-0.4630841846722077	-1.8848189390333474	1.1756480944156371	0.46606201080116283	-0.3764024770493831	0.40685744730786283	-0.2689018130235104	0.35320376747471405	-0.8428036248580836	-0.13035399616403284	-0.20817456423774128	0.651096963042188	-1.1716743747911995	-0.8581505976364172	-0.37674470315605885	0.01914438501201925	-1.5471528789998525	1.0636909458773913	0.5720981828719639	1.6651913384627746	-0.42363198608802405	0.03392124274953757	0.4656686124857427	0.36715753415630764	-2.144779619818368	1.0206424908771004	-1.3845005319109767	1.3586635886951488	-1.1418701142455066	-0.362658856406711	0.20665943894984143	0.958617861500002	0.9522188208180633	-0.9236362290775321	-0.5262817459837397	0.9931878792855335	-1.315134499123008	-1.0573390953055974	0.8986971027909985	0.4815505711920298	0.4807559826218148	-1.2281400419787247	0.3432276939382405	0.8521469337035689	0.018341530856043838	-0.19876807968926272	1.8286415889730478	-0.5037488493610004	0.777658834754177	0.13233303265901392	-1.880474507065373	-0.4343250398548526	-0.6826608280149504	-0.393071780908912	0.12770506149634542	-0.3928903540321896	1.911720851395687
A0128	1	-1.8414978546423253	-0.9287614294674298	-1.452062212820294	-2.0796294351588482	-1.0173251806906916	-0.8170334853124063	-0.4455955233366544	0.4949133391732934	-0.8309990459547555	0.21891083359720953	0.8477224156323396	0.9175359148868177	-2.2438965134205104	-0.10903834822333218	-0.20787034580897554	0.6113573440946712	-0.5059507979923641	0.4921002868203406	1.1328479126841382	0.5160349645447943	-0.4421021637467633	-0.19768389258351185	0.3736672459052776	-0.5220430895360093	-1.3135955558712016	0.9852169664133897	-1.8925728852737722	-0.8302293400318913	-0.6815665692917913	0.29469572590296983	0.047034251894608366	1.1851458276604336	-0.8324153742321589	-0.7950740522851698	0.16256551155596113	0.4849782193031521	-0.5200300908499894	-1.140997289604366	0.9757312686923661	0.21717729324707652	0.04321584696924887	-2.273794267100637	0.1119468097588963	-0.9321515029964627	0.08264321327801526	-0.2011295961570656	-0.06501688955918172	0.0057393047891262546	-0.8472121588113981	0.5400995014994927	0.7025108818927807	1.243646432912509	0.707423920275654	-0.6672064266943025	-2.0294213217001444	1.0480843699795597	-0.7662283272389978	-1.09715553256712	0.3655278350671656	-0.42842157942519016	-1.062506774685215	-0.2489677253543943	-0.37513600331869035	-0.439828628337953	0.6613298544104441
A0129	1	-1.673859780637654	0.5486513223327834	1.2752697061202996	-0.6364000379862026	-1.1255236628427268	-0.8104845037316113	0.14925929440867897	-1.9384533452286234	-1.4744547079502057	1.498292831113236	-0.9484400412171469	0.8167303885490215	-0.17798446412157548	-1.1698465511380145	1.0599948699774544	1.2612550593041345	-1.1306709177368486	0.038338968734107026	1.5544223439538025	1.605221323604139	0.0002904591859286429	-0.2043223010983287	2.189684732688057	-2.508303657745817	-0.23153340752758336	0.24593990335678095	0.04221518026395878	1.118444146555697	-0.6375414902091434	0.9606678712036466	0.18221619739474537	1.4527383955279314	-0.7018140935214406	-1.0566849619100036	0.09436078222975589	-1.2712787095010316	-1.6983744410413193	-0.6695797332990364	1.226224121151938	1.4748040770132778	0.3611208234258424	-1.5844976790756655	-2.8628243044919293	0.20420216929178836	-0.22069964574940637	-2.005919777460577	0.773285932885418	0.5431181804862297	1.0926253327138902	0.839737871186948	-0.3780294148950502	0.4095581398975695	-0.4474013059907319	1.4050872237136343	1.8969509719782696	0.405505048544	0.238241111154713	-0.29269520520177567	-1.1068234783600284	-0.4724399911360207	-0.2967294944773017	-1.617154817712582	-1.0098244885773469	1.18985832596211	-0.25427005396518587
A0130	1	-0.3662385417526016	0.2881721017747407	0.21818241876092823	0.1548061506401049	-0.9036470192874578	-3.12013198737525	1.0579628646879626	-0.5062676367587885	-0.3420896210934955	1.0386032008517825	-0.3084848366781774	-1.3834671686460074	-1.0682125288504045	-0.6056626622978608	-0.014967972773663305	-0.022939378664902685	-0.36773062634081194	-1.468035562412786	-0.34719369667677874	-1.858670422139871	0.24209760749933182	1.3124953437326978	-0.21645703315899703	0.4718323974243141	-1.1637804974265924	0.07918179687527903	-1.253715909982742	0.5365325677718056	1.3270597948358094	1.2745419607907191	0.639814114858312	0.9227856812676516	1.2093516630593264	0.4921865345708906	-0.897937562075698	0.4340940924390905	2.5228810984146444	-1.3130709660389421	1.7226473460124425	-0.4228612090666574	-0.42433140586231805	1.047467976710575	0.9172927772915174	0.2997020975968898	-0.942745957564336	-1.0507380401716313	-0.36054828246670123	-0.8467879964723786	1.1904416036737997	-0.16873103683304094	-0.7508229120003443	1.9142203271802498	-0.11963711417789204	-1.0713652458990142	0.8626880957963945	0.5975783245532156	-0.8809316608469093	-0.8187838403408793	1.292150072727419	-2.0835430737154788	1.185615401956365	0.1453746373701432	-0.5066476143602104	0.24534103295857318	0.7666187975468225
A0131	1	2.6072779452032955	-1.644131368026905	0.1908746149413399	-1.0837694135681362	0.37304321337712565	0.8124091771893213	-0.3357321505303842	-0.14818718728780106	0.293951137989641	-0.06228039272506936	-0.5245174985399175	0.6571856391833093	0.5244060256754492	-0.3313904259864736	-0.13535813969566723	-0.47297642330939577	-0.8834817724893785	1.1909112045025378	-0.8742719119199328	-0.32641299166286963	-0.3088517433251424	1.4150243288153845	-1.4370138244839068	2.8402738559739724	1.1095958450341556	-0.5192875954108852	0.7028548727483054	1.3963154478766808	-0.4158764530929421	-0.6888488830534701	1.1128329789461269	1.1508851456043119	0.8570844852760885	-0.02488440028658494	-0.21396386976294166	0.1378989620967088	-0.3687397646117511	2.2207143777703546	-1.4540999683549176	-0.04788471272078033	1.7665671373575265	-0.04069226561314717	2.0691203903990654	-0.0378944489413098	0.09449792251013844	0.4921817454026298	0.3549324077912677	1.2475913657034765	-0.3008878004420025	-0.9941626378383438	0.551867740260842	0.09205116801784355	2.22254898841826	-1.76510452348013	-0.04948594497438486	0.7900448035652889	-0.20837944625661903	0.03961414148400466	0.483161930216408	2.954508380172647	-1.1211368903040138	0.42477446126395296	-1.8389953359562696	0.055464982275963984	0.6241362132053445
A0132	1	0.6957478942157065	-1.2032489264596489	0.5692732808296858	1.4660216841926779	-1.101490839427516	-0.9678996941448518	0.5751548004004708	-0.5070627957787124	-1.5024015943738247	0.18844122239908084	-0.8036463666781267	0.6443605204728469	-0.7897834701905944	-1.420656685347896	0.5254823475886443	1.9003395886553416	-0.6316909801628616	0.5680930797698679	0.3094492231782444	0.4456762987026555	2.1703509941312014	-0.8000019223636662	0.2313423143981432	0.028222446789281663	-0.3443768882110935	0.6820185830557757	1.8306979078031673	0.3281088740579865	-0.16761294364828042	-0.6565695220342734	0.9106921776717758	-1.4642228420036845	-1.400338845700113	0.9314777184059907	0.23800641484466795	-0.3363254943136309	-0.9570902232358304	-0.46058065382867314	0.5955897915066865	-0.6430850716815757	0.5225971052298635	0.009742703111063969	0.2219836258754298	-1.1705656001706495	1.5450508046717852	1.9136670855802345	-0.0940714522287638	-0.7682120153994711	0.9161603613976518	-0.1333487585325975	-0.4278750524790375	-0.660929163718689	-0.9261012437913462	-1.9273021783188833	1.0200025495185432	0.5108536179612266	-0.04888527898726005	-0.9880001730189543	0.03409074124137067	-0.652453743361494	0.3495503055683473	-0.5414007465886739	-0.3020079310348221	1.6471070038737627	-0.5167275295467312
A0133	1	-1.9080279003965934	0.4398117086046436	0.7930269280499452	-0.9330386516165198	0.04765257474607047	-0.027041334457401478	0.7257574569130204	-0.05285203439350616	-0.9641732824829232	0.5379063584480754	-1.0712851167869188	-1.0498522178583536	0.37164797692394896	0.06782282642462856	0.19013089336640723	-0.5406371782254054	-0.6786827580461812	0.3607807868549663	-2.3485250472738874	0.785610399440219	0.5581525924181269	1.3001392247381875	0.10994396410955805	-0.8477162184010624	0.2068592437667999	-1.1179989350036839	-0.5408340075261997	-1.4335967589017913	-1.1037348452536908	1.0236343967007753	-1.2137485028024437	-1.185148455445888	0.13112289379845252	1.2913833516286775	-0.022917680671916386	-0.5950258507713114	-0.1769529351905065	0.35831176416848015	0.30930187159666045	-0.6455862150175329	-0.3072498937556009	-0.6486636886980949	0.2215798787978138	0.07434652902097007	0.6721843667539448	0.7114847813701586	0.19855684610920676	-0.7296986689890803	-1.1955719446591337	-1.9127718666785318	0.18808906254993638	-0.19881766552622562	-1.6521262744021108	-0.08974453091377395	0.8509457298908585	1.0685634538073259	-0.6985683699159558	1.1515013415800994	-0.1373821766901268	-0.6999874262423809	-0.32486266218702126	-0.7200935812243879	-0.845752051987255	-0.34141213725892183	-0.10611200512893312
A0134	1	-0.8089257991813672	-0.2390972911861928	-0.3723112640605066	1.1378268820686535	0.7243434531198254	0.6331465452424855	-0.4208974488340517	-1.6788224782834344	0.6591112327966695	0.32240692574241286	-0.897199344523054	-0.7851620030501437	1.536981895377616	0.06739024106642474	0.5470271197545105	-0.01938562288091909	-0.3693609246810055	0.3842303045653022	-1.0367488538186493	0.3570344747894458	-0.016168025261667527	-0.48662403667672366	-0.701390725161872	-2.523790864085517	0.11657884853993705	0.5114500504607561	-2.7479544265895997	-0.7884315487185914	0.6485286075188016	0.061924616484260425	0.4446650508145164	0.9654718753633497	-0.15291128659375475	-0.012918697779786938	-0.964693932192472	0.015515780416710426	-0.8639562303134136	0.0956033006313817	0.14940611177167867	-0.791585509802945	-0.399921210807063	2.1903459253946975	-1.391411342913425	1.3394240086398959	1.1230088656440667	0.09305106044734009	1.3768801970695568	-1.0259196980996959	-0.44899347924238	2.2902271004236554	-1.5862282026151184	0.9864415118447378	1.3598843991734697	0.5205574586374824	1.6604496316967376	-0.11794118474335559	0.08800811338805606	1.1369674816997266	0.10931240881471783	-1.6753571444161206	1.969879968023819	0.8730987704471801	-0.5260032854861262	-0.5526215651866228	1.6961017761360708
A0135	1	-3.1630251336858137	0.24174399467900706	-0.3976260663191272	-0.9817437578169861	0.4032282216487715	-0.0121598845380357	1.1361335214739587	2.697047718891822	1.1479400976549343	-0.4828954468478937	-0.6088549520049555	-0.4504884193317346	0.393125860798249	-1.8720358188611448	0.9874860030437501	0.3747617383916116	-1.4935678399841803	0.3863719256949813	-2.0914096044478696	-0.40318169818473215	0.7398954517868571	-2.4143268281879817	-0.981277666345808	2.022359202906011	-1.1445630744009194	0.21434882037210234	1.0765853290206169	-0.8881715855458897	0.9261368535684463	-1.1028868529711953	-1.2380603282019242	0.1461246378139842	-1.5593084734594453	0.4623796969833955	1.1036705133121163	0.1623503972303017	-1.1050683771430636	-1.3594141356445701	-1.285837866547233	-0.9694501293478547	0.3750397501541655	1.1560321521026673	-0.9242897676658111	-0.8930931681648572	0.43252076145019663	-0.09448348802401789	-0.6044603479560415	-1.3462404984231466	-0.6383766932915175	-2.1046065478645852	-0.3003747339725853	0.38488531846414137	-0.4341378475721138	-0.8213265309613379	1.389273035583179	0.6938292053091282	-0.7130684347994449	0.2915396322366821	2.0289825673402144	0.03259942530259344	1.2413229903616336	0.4709362248059809	-1.1305011493494843	2.265936316354288	0.09619536530466961
A0136	1	1.6712855182882063	0.4155802173117323	-0.7725816367261875	-0.6059792169000213	-0.348179292572089	0.11364060305508447	0.12065350918995353	-1.5173571477971906	0.73279893900613	-1.2697945562599513	-0.26216006038749834	-1.5475898045941519	0.9441872837708756	-0.5082992800340326	-0.9355988972232898	-1.5091406963685967	1.5611329807865266	-0.9884263779135846	0.2716590569086517	0.3953910876670073	-1.88872181589876	1.9369658262585636	0.33960283524351803	0.9260467722785122	-0.9035913920860761	0.06889483477030973	0.6088437666108975	0.749830697521417	-0.8287910369343553	2.6719464007941713	0.27428640369376095	-1.3866817021817164	-0.015834985203348854	-0.1369203044579473	0.24434111158671648	1.6669539296369074	0.6890854035657229	-0.5514612964746872	-1.0751603526009543	0.11139170566373084	0.6918548557057044	0.049204700448374855	-0.5238677307422389	2.563281206016578	0.174662273538553	-0.6864600901852708	1.0782750822142602	-1.3230506639488178	0.03138663270145818	1.763016417217807	-0.7215094851721922	0.6712340144316618	0.49846316759684134	0.27731859902102723	-0.8238063316926295	-0.47776210784722684	-0.3227492608340086	0.11634914766534445	-0.43868594331112015	-1.378172283187328	-0.8094175431342717	-0.21264022669998442	-0.4144753856753698	-0.044202308101973106	-0.9929697001844292
A0137	1	0.7638806412152982	0.15868883258504857	-0.3701821235229401	1.2508589968385488	-0.3642036743341994	0.44464358968102446	-1.5537796749356587	-0.8415719370243098	-0.48254801084996585	0.6799019510007507	0.10335053269224902	-0.5245727368657899	0.3479700066664406	1.557140430120507	1.0975736612016722	0.36275689404116707	0.4979589278014348	0.36590863456420947	-0.8136735919363053	-1.0528099712582937	-2.37417940826227	0.23179686247707534	-1.8711462445255058	-0.1318964210446217	1.2400199027028929	0.07306312746054876	-1.44938205692692	-1.2367322901541358	1.198188493752193	0.448352501360851	0.7563647704274892	0.9775171338649231	1.2497883338625324	-0.7085125441218132	-1.844946009143374	0.08426470729864906	0.07855209104754174	-0.739139478370582	-1.3540681972781579	0.18603991047475008	-2.190455041613825	1.279949222534628	0.26194786943826165	-1.1425613280029199	1.6165155702050145	0.785191890549611	0.9011251328191041	-0.23424491867207892	0.4743226659245901	-0.6460798430652792	-0.18224701493377796	0.11965247683285762	-0.6083339319942591	1.5716613573130274	-1.4900897571375415	-0.253765967034099	-2.66442262343088	-0.40489486640970096	1.7278452460488296	3.467448661649972	0.3238926207552702	-0.10472453233704132	-0.0002726316579737414	0.7011667522131282	-0.13842392620610186
A0138	1	0.12785192211553967	0.4092542019926563	-0.13116420678417587	-0.4622913130954518	1.951672373376568	-1.8668620261895867	0.7582380849613495	-0.6955183749873395	-0.22738465408929118	-0.6890390470734119	0.7597528807499024	-0.03153560112924119	1.8856063997180552	-2.357420509848924	-0.949176689184859	-0.6392571437410423	-0.8015440270574938	0.373027010892559	0.1339724883909362	-0.33948973689975626	-0.733782520349082	0.1308532693814725	-0.6345146542784805	0.48598994437436693	-0.2751304933464737	-0.3164201777973545	0.3698779819072701	-0.13389387420555174	1.177995041061075	0.25623022013959323	0.4890657488735618	1.4213712960904525	-0.2390003131715938	0.39449333458824054	-0.06817300457701903	-0.6597260348815228	-0.035288367834592195	-2.237477905021362	-1.9177012783251215	-0.22062412351231298	0.8156312384805754	-0.3286590620074645	0.9626357545245346	-0.11057016120694932	-0.13435320547696117	0.06401009545960659	0.38450925765608274	0.8200216556405189	0.39295994382568716	-1.3029972940782746	0.3476594149801228	1.183142361111163	-0.2540888976168603	1.3981437622908723	-0.21984196375755266	-0.664427587726848	0.6799409354969942	-0.5821393841954356	-0.7891142331150629	-0.21244409606059375	2.3910339036623705	0.24966680862399093	-0.6004793040173457	-1.1170409230425602	-0.9724687917245055
A0139	1	1.5663538557233907	0.047389722020762866	0.3710790512757938	0.12722191938890648	0.9871714584129377	0.5729322689841471	0.7075607901819223	0.126439738761689	0.29014824681205753	1.5211910187777562	0.17998731874790722	0.8117272828948708	1.4877849187243435	-0.8112489846326733	-1.6685724288169161	-0.5256443807185566	0.47955592930341484	1.6753305112423575	0.9283428912813774	1.6388172719832983	0.09152118646616443	-0.7554815284616591	-1.247848196492237	-1.8266714321266273	0.37487153774978144	-0.8034695056931651	-1.0084101539588868	1.4514849272952959	-0.5910328428476751	-0.11410296575326849	-0.6479289100687967	-1.4360502591838138	-0.01162171778293891	-0.2670329745361676	1.099348033180655	0.7777813945729946	-0.2517784034675393	-0.38098752316124673	-1.4978534133249266	-0.796699021034775	0.020528450634843896	0.7080590415874919	-1.0062975414293653	0.38080385612306644	-0.35980448850452595	-0.6344612253183819	-0.027038173979947303	-0.185309455094529	-0.44658432083045985	-0.6485150807352791	-1.2419053757989083	-1.165393007580209	-0.1237775650110719	0.7989398473880274	-0.8128427170012212	-0.7445665667874394	0.3077662027333162	0.6136859707424983	0.09915373098395261	-0.12729853928019724	-1.050088595229215	-0.391601112504826	0.34127983622606406	-0.7929457264967985	-0.155283860598172
A0140	1	-0.11537917331725261	0.08680476058635954	-0.2166922957186606	-1.5556339658358374	0.2485607766424038	2.3160626774179693	0.27113615430878724	0.8239849374776558	-0.7775136200814599	1.0460253129951145	1.7269272395778477	-1.2002931054104176	-0.03585142230609225	0.11577541467508695	-0.21739605789911665	-0.9183216791922149	-0.03870304799035583	0.09734494315181262	-0.3126178497467365	-1.8943685948073343	1.1180999440065045	-1.1227536321606537	-0.42643153521417404	-0.49233025138922587	-0.31277834151308304	-1.3070171689118915	0.8405712676363235	0.9413942952776655	-0.5165725184771292	0.5999395909247278	-0.3117780933723337	-0.4382680046751854	-0.22560026414620846	1.3418780820297553	0.852015143960213	1.5575512222140027	0.7315503171804167	0.2996345286537825	-0.3641432657909287	-0.19308763769324275	1.377849418905431	0.8216712945593146	-1.5043192695074927	0.9481424746791207	0.814521192007606	1.9916300613640125	1.5707276920545439	0.21164065661171905	-0.010502472772875648	1.496713033343319	0.3897265664281693	-1.2203702964698648	1.1099455771764732	-0.25038441446439597	0.011705729483421098	1.405057086210772	-0.7876366838373831	-0.14594691680547275	0.30779734928477787	0.01178180282687342	-1.3712718088410119	-0.8731454218436299	0.40427991545462527	0.45216535087279647	0.8237711941382542
A0141	1	0.4819520804795427	-0.9038147330785798	-0.2481987051543616	0.29138739797775864	0.9855662829152663	-2.3464688458452154	-1.7052283038703338	-1.0261141537957847	-2.521437525476837	0.6542412888054842	0.5838357666900861	0.17566995044630832	0.6260515604621494	-2.1295537387710533	-0.4176750694353982	-1.226078247298097	-0.6727788625454444	0.7950574368320783	0.40387677758171825	2.061857025711961	0.18828954894103744	0.36256052891785157	-0.7290252059689293	0.7298293451472997	-0.3480970807234932	0.7119969972535051	0.831012301845389	-0.6459174002571484	0.2697410878918401	-0.9419341873293949	2.0201483523162524	-0.5194718211843845	0.07445466857123167	-0.525240084224284	0.918551480857184	0.07215420740888419	-0.71725748597616	1.8182209301475416	0.6243027595306078	0.5265746272873364	-0.6355163946312921	0.992555033613778	0.208252289296918	-0.4265677440353169	1.8194698085435048	-1.1289816618695374	0.5693135906463488	0.6094507246978766	-0.08859003865601263	0.18599782469087506	-0.05722843580693116	-0.36471927985094044	-0.12670000819576147	-0.271283200817018	-0.10553146965014958	0.6451899755725569	-0.6859956736888442	0.24701996855440345	-1.1733070052857175	-1.8159374062302054	-1.1744564187043445	-1.1889125283091326	2.0059769003221684	-0.5269636293367727	-0.3924258623039767
A0142	1	1.7749176197056953	-0.7788252559979578	1.0081052110776243	-1.4601463206662775	0.26683738030015774	-0.2733166521333168	-0.23965055955906364	1.4468258087875123	-0.21791970221324183	-0.4951042564377015	0.05287769048857615	0.03314363349952342	0.5730543225108068	-1.1600911663607467	0.6578956281312559	-0.1804141907527864	-0.7013824391357338	-0.9242906250171876	1.4271896560913526	0.6098287870088113	-0.9931134597135858	-0.6777035898742697	-0.19807472814705274	-0.4378663408240255	-0.7969236723296996	-1.4224035753201667	-1.3880228007715492	-1.0046476856242639	0.6523723939053537	0.3873470819008814	1.2041796056383156	-1.1458349467933215	0.6118475894389687	1.6633650832927314	1.554365208411182	-0.935912938066328	1.0282744008601066	0.09958525729731108	-0.46150554608104105	0.29638875806137993	0.28395533930849787	-0.2446960612756716	-0.4244488722218979	0.5412312617051348	-2.0240108136739443	0.8071957569001206	0.6875534284820501	-1.4835092291974594	-0.07645165113838762	0.7250057694447902	0.4248854090017912	0.8939665574368688	-0.27634770690964666	-1.1856229296633127	1.7945331152804709	0.7950195043754609	-0.49978779705116105	1.0370111324328144	1.2641127157546586	0.13414647652544448	-0.762722249573195	0.2213321632143583	0.5524343980629887	1.2223894499135748	0.15830343717965742
A0143	1	0.8568269556997541	1.9132876356688708	0.1516204400114161	1.3246211870879527	0.14458182278760656	-0.7111157029533922	-0.27937834566537806	0.581382282244569	-0.6511587060341064	-0.5004262387069911	0.03442489658926512	-0.5310597882595023	1.218687759474752	-0.16684690814706427	0.46912146249797965	-0.24220941733403165	1.0060638252818468	0.8937661066693929	1.1605380806731695	0.4253100655054942	-0.43635066415617374	0.08219711201259376	0.5818577072650652	-1.395825763620681	0.30838076155644273	-0.5891752655480329	-0.22153360820301526	1.6033769216497962	-1.470483179927559	-0.31605063690940643	0.8242108126008246	-0.8308466112932068	1.4009024316314922	0.8962033404565316	0.9071729550762463	0.4478310791380783	-0.34304111329070885	1.4945555276306466	-3.0970776958252886	0.7869870269337728	-0.751994537023709	0.3156861085660853	0.020880560992084702	-0.5331940903271122	1.3886594847592806	0.21325891820315246	1.3645066050509902	-0.4246270099959313	0.04782284794716181	-1.6376475239469241	-0.39858824782389946	1.0391575003919933	-0.59622426427704	-0.4060627739505547	-0.6095997574326524	-0.7102856980592948	-0.9686836947937674	0.18895299081314024	1.199919240289969	-0.80051944004393	2.05785783417881	-0.29315726269466486	2.636764717781345	1.023966785589964	-0.4038485650292985
A0144	1	0.9109098393076618	1.147804090801947	0.11442310905302305	0.15535458093427848	1.3085769722236655	0.8120820521230537	-1.2721692108675657	-0.14436817402977992	-0.16567254433372458	-1.3338748261973263	-1.1763711862089161	0.6847954912700716	0.11330708176391227	-0.4941093059449596	0.819829480643234	1.721330645495145	0.44675539958042787	-1.141336056434711	-0.9760983527763144	1.102551325607082	1.0554427947258072	-0.8396645644292569	0.5753455910609284	0.9712616129882894	0.120806262800492	-0.3773259037875069	-1.3127807027534901	0.9675896815459946	0.5477170807206625	-0.29303080571582385	-1.733650206095511	0.6049951123503923	0.5046334381046478	1.5365319595865279	-0.8250024355584485	0.7977108872659683	0.9373125379737492	-0.14062235816700222	-0.46782040499307415	-2.0746905343369226	1.2601076012388348	-0.746897004774718	-0.4682870061422325	-0.2744945094785114	0.1632053171299747	-0.5107838846205329	-1.5421655548066453	-0.2455651792940779	-0.3807890025608996	1.3730618029673014	0.7861406536746506	-0.1292132422833436	0.9736912735750843	0.8303504411133881	-1.885315501004305	0.7832440989241276	1.8772516868275215	0.23845963908213932	-1.6613061763854615	0.8323963896731579	-1.4744342982374157	-1.6269912953480428	-0.1483490748393706	0.41793045270796075	-0.8679710524444636
A0145	1	-1.2918486250829737	0.4750228696005681	0.771780830992314	-0.4111911943771023	-0.747509264212291	-0.5108121977202463	0.3545086071198896	-1.1789729967529619	0.4883223800910171	-2.2182642975347853	-0.9794760579675538	-0.5084679205901677	2.489271875381975	2.2884510303218732	-1.009321333424174	-1.4815208918319125	0.48546647565615875	-1.0491889751106376	-1.060987809173438	1.8601596165962309	0.07743578656180097	-1.4674509328793646	-2.0578907616714717	-0.0007527836488133791	0.41183419890325645	0.1457797600711847	-0.40371826836551916	-1.0838978977647202	-1.298045437196718	-1.8535636433215594	-1.0280824641116337	-0.09423486645031576	-0.1852579940764453	-0.21164904385254116	-0.6477986533825953	0.00949116270184273	2.01770316664811	0.2492248559929279	0.6778183878716576	-0.14660017655973817	-0.5895881254891232	1.791124624012505	-0.1469705548567589	0.1368059339634807	1.9195663386635389	0.23329064357676255	0.18856296330153505	-1.4621745192473694	2.028450180179532	0.22855140547546826	-0.8311437463073645	0.5551506281649742	0.12671247768746557	1.8680529870675875	-0.4438840421295875	-1.1582459520533424	1.1160616917359367	-0.7097966701542197	2.733442413975306	1.733766689326141	-0.16791643412239166	0.6014336862349221	0.1855609963765608	-1.3949854816854936	-1.0737832260621374
A0146	1	-0.8255939906076212	-1.1516038705705571	1.2401785214023635	2.0316731800952477	-1.1360673593501558	-1.6562806725954624	-2.802244557401034	1.2291858195450975	1.183884684321433	-1.0344934724761194	0.3870315969347347	0.2810975927252826	1.1646143780450273	0.5134550384957656	-0.3783673337806457	0.4519792131361061	0.679476474089667	0.6933802492383835	-0.8095226548360314	-0.08516037590846187	-0.6055004726973006	1.0483151241383082	1.697243336098816	-0.2956459648939115	-0.4522714464970583	1.5047833301997133	-1.01089284112361	-0.3456056099334074	0.12639039680312292	-0.6489908251953785	1.093604649870626	-0.009723107785234142	0.4737437333640342	0.33663985740691	-0.44530036811682805	1.138785183296619	0.21646479417908643	0.0782866658435624	1.7080414893737068	-0.9598447539065361	0.0717584507952322	-0.38467704209148584	0.07557705232950199	-0.43704256657919865	-1.2489187158650077	-0.01860462635601942	0.7856049610156409	-0.5728896081469569	-0.4160842131363629	-0.013524987923840798	-1.0256379324950236	-0.514053056350691	0.42888818814017177	0.07511161344044212	0.3121114178283213	0.7044286305809596	0.6430704382954783	1.2813892288011004	-0.7276959719989078	-0.5488760820334542	-0.24626340368260077	-1.0696325094524348	-2.4041756340772165	-1.7090625503073096	0.3535698768039402
A0147	1	0.2951829432193193	-1.1541783939536738	0.35225387478548864	-0.9279613231711736	1.0715211716318938	0.17693259211132767	-0.7849978306380817	-0.3931520776288905	0.8176667235565247	1.340063604080322	-0.35033906255090197	-0.21775525609702667	-0.1317206600119138	0.582535157450622	-0.24127142502381654	0.8623763108039911	-0.9117568565748975	-2.1262251190170787	0.14500130630392963	0.6747911798352397	0.6922811735590071	-1.0052490518934583	0.14226176374010405	-1.0313016908133879	-1.2538594474976714	-1.0955359920520733	-1.1085497150102235	-0.21607574747384714	-0.9216528808687128	-0.1865096403004122	0.3134426053842986	-0.42793960022305966	3.4160850683204442	0.5968652128612905	0.29517161762432	-1.145082057484974	0.8760664215147029	-0.6649747853475391	-1.2655392924050655	0.46709279192009795	0.5102075975553266	-0.8322900904910743	1.124777393793186	-0.01943768809610776	-1.5865410916950407	-0.03412881405674835	0.6308478835557411	-0.8316409352332241	0.029732185376871428	0.41205042155553734	0.646289823489601	0.6929130492851653	0.13120788230167427	-0.6867836718562634	1.4368733179885476	0.2940462435997179	-0.024187607277441125	0.707474805069903	1.0464651985881301	-1.5562816766997714	1.0617423927665823	0.5220852038757546	1.2727332797434805	-1.07827006733597	0.5542888855722401
A0148	1	-0.7866734814628555	-1.2748653274148687	-0.3062181342111382	-0.24309260183498435	-0.0027424260043468172	-1.442016624317808	0.8858898280268217	0.8848179153199361	-0.36981914475708194	-0.8822319467178559	1.0375236287047527	1.1592587169160362	0.16109102805905282	-0.22506864311905467	-1.6702049813943982	0.32911036504236335	-0.017388075103462616	-0.2212348366440354	-0.43589068469836023	-1.4879471684063563	-0.566615086820219	-2.1626848421435216	0.5531989822281093	-1.1157543135229397	-0.8809106538506719	1.3754080567633902	0.2731808480739217	-0.9379994304437588	1.3341250389264079	-0.6309395172468935	-0.9568007059017631	-0.08257686019874612	0.37576721422105186	1.2345919024320813	-0.06887868907744431	-0.4062811146518697	-0.14885016560533756	0.8637487429232841	-0.5025956338123256	2.2283079706650843	-0.12408979196378664	-0.10660646654697666	-1.4339376189926332	-0.591422394737514	0.4750090434078667	1.2889953145062922	-0.12099659458493943	0.6958481877272392	1.6658827154075744	0.5461103882138955	-0.8193135725642652	0.6814852473824115	-1.1104978531309773	-1.9627271746935688	-1.6170325658428972	-0.9693592888975089	-0.7618709794132937	-0.35957000988843774	-1.1504868739618326	0.09814823816598336	-1.7349159272672132	-0.392816517129935	1.9163191589373831	-1.7227034109287152	0.04511330099216127
A0149	1	-0.8257904865849144	0.001098430902350161	0.9031081608730057	-2.2666506682888903	-0.6613550302724135	-0.5111762936445373	0.15600977672676988	0.6164977428462521	1.5575408379722677	1.266587304410444	-1.8622062005895572	0.483690695698608	0.21055891668911617	-0.3097578201493026	0.8920061220228597	-0.29739226602527463	-0.753344719883982	0.7065516721334022	0.7488457655294481	-0.7329388420327341	0.2891458476122366	-0.026897774209967213	1.3608803024667615	-0.16557599670368658	-1.0219467746739317	1.2050600444166566	0.10433978215176522	0.691931415929156	-1.028433531376492	0.04524623101534822	-1.4427622572800611	-0.8802586698257872	1.8827827312617964	0.6339983879763158	-1.2534314744545847	0.8869278880972523	-0.10048931926528883	-0.6288583564034498	-0.3544735226570886	-0.8288484200668416	-0.7203485097465687	-0.5811511365232125	-0.9567363764563479	0.9072731645526252	0.24996759865822893	-0.36895159631534263	-0.9087722290879612	-0.24289010540694445	-1.0196503336489546	1.2281011950194463	0.5761057861821839	2.875595827834302	-0.5539585361444759	0.7169205786430909	0.2368417568035696	-1.01521761114889	-0.007753641146153815	0.015850062630315905	-0.7484236129187551	1.2692663972451288	1.2368614827137876	-0.23449662826439432	-0.17539269421059053	-0.8626897497658029	2.131109725745454
A0150	1	0.23624852468873922	1.145458055034759	0.3881308489619808	2.393579214646345	-0.2848308871809773	1.3839762707440648	-1.61430162460919	-1.3431728528165334	0.8652470479802665	0.3950839513494337	-0.6059014432844573	0.4656906727806736	-0.9267406804397257	-0.031287609584428534	0.6269948043408565	-1.8695076234305232	-0.9646839171889217	0.2748055956857406	-1.5214097221052625	0.6036010999951492	-0.9286006920362755	-0.11346616117640757	1.7491672525315367	-0.06431601662089377	-1.0079338984291886	0.4264328244683326	-0.8448873616890359	0.42871836131811475	0.00032169331511172253	0.2429556231563804	0.8733110778119899	-0.04729819707885302	-1.234090702387374	-0.4190082686844051	0.8398694762536586	0.30347297310067617	-1.5091207857336744	0.8523426144761804	0.5696813913809969	-0.11796789695800673	1.0508373181122022	-0.2555392553437699	-1.419052572192003	0.6699982130697265	0.2936662895160595	0.08910197028484637	0.17031489272340505	-1.8808419912103254	1.9629498613143475	1.365058813902294	0.17847123547273752	-1.2343586075274955	0.3154217884966354	-0.3344414051148039	0.19374595275413706	-1.2788076378985174	-1.0987820979207386	-0.08426259926721755	0.1824753004205902	0.09966713394381903	-0.7317019666717541	0.16111180217984988	-0.5335409306941507	-0.9816094809114407	-1.1784020258385706
A0151	1	-0.3566094976847921	-0.8587012402000597	0.596947727241753	-0.38950673174821426	0.8127029026390314	0.2729747299925052	-1.3913528342230537	0.3219330851721374	0.029342101541268345	0.6948157427979194	-2.2356415846737474	0.12675276818732104	-0.6710529375750709	-1.1495271455178508	-1.590529122264423	0.6430256474059314	-1.0365337864182211	1.0866863255990895	-0.24611630283135172	-2.509519768600994	0.9001389752511019	0.224138047412564	0.6954555434639281	0.9187154952285522	1.0865911594564581	1.8247275685065616	-0.6328994378531341	0.883329963360842	1.607247362768391	-0.19811519827238763	-0.6080393058311035	0.261763902893612	0.12593334893858155	0.9885626374735919	-0.25681402995708563	-0.7219501572235407	-2.399619586493017	0.5337390665576134	0.45609862688497804	-1.902919920082795	3.3387088359900727	1.658224024455204	-1.4852276506349609	-0.22860554137378603	0.4854985173026823	0.04257222220484754	1.8264720397329772	-0.6354568829201986	0.31640386898476763	-1.2688163398891066	0.041561055276420726	1.5954837435321974	0.8724243380664456	0.9324334039014928	-0.9554362972487324	0.4446044201908147	-1.2020334528717476	-0.28916504791737	0.029573789354458757	1.3902347810722713	1.0712312110051363	-0.4763273340985864	0.7732484776828099	1.1101509829836038	0.21714890451140573
A0152	1	0.05727727434698379	-1.124713068695462	-1.2470182501569829	0.2543565051096667	0.6084325871627695	-1.26270988409711	0.8611119005148615	1.7808489563686347	1.1771148054891536	-0.4369632298511701	1.4745531603230735	-0.1744644186938835	-0.45203776398203227	0.9366173902134549	-0.17781590106204734	-0.45366345521501095	1.310386487544556	-0.1508926120325874	-0.03930682866848499	1.2957860127209107	-0.1740884410193615	0.8820417755405532	0.05950279989262544	-0.4065773291667677	-0.5312970852765128	0.7781367574932216	-2.306434111285437	-0.6959419299579519	0.23272424181659004	-0.9508429685122678	-0.28859174185153985	1.4442773759469907	0.3066787085290708	-0.063055517690298	0.44789577365548083	-0.89311880419748	-1.7457167061801715	0.8343417212403473	0.3286940703053738	-0.5302680981742381	0.13251723130544976	-1.1721344362170898	0.7036056180960767	-0.134671095927841	0.9875839465840945	-0.0023989006766055496	-1.3517492545921563	-0.8527901108724177	-0.05554638917981237	0.20200395650547792	-1.7819036791156928	2.074404662389981	-0.5628819557654298	1.6749450952900995	0.6185851974897115	-0.07915703582432386	-0.0832866641388046	0.3388030022583358	-0.10288881299135594	0.04028812157627925	1.6214179087540672	0.5203837338450941	1.4201204599013142	-0.5343905444732083	-0.790748280381185
A0153	1	-0.07588791939196876	0.42589077058659086	0.8580484520962396	-0.837825783545862	1.185613504246242	0.07916188771432568	0.516708330179222	-0.3870497633711377	-1.4518900426818984	-0.06792847878158986	-1.3374221117957146	1.4995305866323605	0.753140367539518	0.615001658513672	-0.9636127337653976	0.8869403793063553	0.8141564920375427	0.6263307908959429	-0.7819746994486068	0.11663356368286475	-0.5797888754662733	-0.6965988733295085	-1.23897196029502	-0.44500217798807334	0.062063564081945376	-0.03827490180932569	1.0347918408357046	1.1047151945523863	1.027179761056369	0.29269955929060093	0.9571685158386761	0.3640385503127037	-1.2576856327686048	1.8391135846254438	2.638063881107967	0.17867020257276064	-1.503011004832471	0.14618611971026405	-0.22867928768325094	-0.1768204609804429	1.4097652400128222	-0.3642831028446767	0.4479373712551602	-0.9101023125392863	-0.02154353950548203	1.3378679158844817	1.0934431380269778	1.4139034895175178	0.7583840272422903	-0.7025681781536084	0.7728656085872647	2.4745101455253775	1.6224085828811066	0.3780125248486255	0.21626254623303554	-0.4868702555296901	-0.304597079358974	-1.0477108372245996	-0.14565841530650586	0.9795207691781981	-1.3995420580216442	-1.5077912093791317	-0.21121472349411427	0.1712002131398985	0.6173303275521151
A0154	1	0.21651998836533753	-0.4123153756940702	-0.030830361771053638	0.19943921670502687	-0.47719844558783736	-0.2012577359292439	-0.3787392944200348	-1.1578828931527818	1.4895178720152855	1.7590460810962225	-1.1690867499922009	-1.4853237971334712	-0.5568715143834544	1.9579821948751923	1.3806456004608165	0.7084197609739484	-0.8997932132614965	-1.0972057690382453	2.4594987300593196	0.25460571366521056	-0.649841906666141	0.020224458598158298	-0.8386166101648922	-0.9016683710300014	-1.5271546248529333	-0.9544566866430467	-1.060279609850967	0.9658773587971483	1.0959066992259157	-0.05907857979410143	-0.9585532781597825	0.4001292095381679	-1.309227049994096	-0.5883890218791862	0.2745917697059512	0.32376385178514083	-1.174154705467979	0.6299517261388407	0.09937142092985424	-2.14166302134491	0.5176883836578252	1.190554897199696	1.3237215479456463	1.0080627757905636	2.44286329035767	-0.30331380942341435	-1.3924830124913081	-0.19485007540663848	1.408315831875608	0.40544008815363214	1.6056331456241717	0.38449786945513736	-0.34728651779823605	-0.6590665865506043	0.9735385470655328	0.0776890975595584	-0.6013945037765548	0.5047877806456555	0.03384573942972452	0.14440927208283613	-0.40317199871234694	-1.2188275457564615	1.2745809527053211	0.6408295989345918	0.1766927060318056
A0155	1	0.5106383012670913	0.697107463595765	-1.5775393345165227	-0.47634927347592887	-0.47694890463449774	-0.4941004749429347	-0.8135211898957486	0.5731446823809125	-1.8652580801576955	-0.34909872927595076	-2.07724475627406	2.334018375232819	0.30526910380881406	-0.5365364498859527	0.13299477994481043	-1.0525300751677371	0.832349255339195	0.296099583312673	0.3311967017285687	-0.9273640178412154	-0.7191721913433816	2.179713172251712	-0.5921954311908388	-1.0451312713676262	0.21038033406550838	-0.5449484512922361	-0.39242328467228815	0.2452538770510928	0.3656647800673053	-0.8912833018539922	1.3552668886685113	0.6820923160921194	0.45530202875930564	0.051902926857405426	-0.6877239677633004	-1.9459588497338698	1.5534306413570396	-0.023454468904511007	-0.561361747181269	-1.5908360480286698	-0.07021891504089078	1.582910806181164	0.14652972059976888	-2.1695054624662413	-0.4749596856450546	0.8964529841654393	-1.5917387996329586	0.5603484175399253	-1.1301007441889228	1.137671187650254	1.3275532083324046	-0.38350551080223527	-0.3468859939234551	-0.18918712604622526	-0.022150347230646374	0.4235229544425411	0.8396177227106801	0.13917552892294835	1.6339465137184033	-0.7618553451053096	-0.46289533485974066	0.32236092199592237	0.12571245357788194	0.47426304552608795	0.0500691107418183
A0156	1	0.7080652326222451	0.01446775729136039	-1.6879389897708992	0.21504247199482618	-0.8235163679273849	0.8036756444593579	0.9205890871813924	-0.2320030216494887	-2.0493622833119436	1.6047428220429467	-0.2709095685907359	0.3408218065610685	-1.1998892457655026	-0.6636646561727688	-1.1153354991217095	0.7969965146129884	2.0212136606310502	-1.3727364141384106	-0.7599650908887601	-0.7277875365938121	-1.6557303798266154	-1.1068209181822333	0.5317242753129107	-0.23391386792755584	-0.7309846318944958	1.8192595140345638	1.765741988560688	-0.6531847535909712	1.1063321217564694	-0.20341185391477104	-0.10692745664827503	-0.2986440940539472	0.989553778792162	0.2501634243021619	-1.0445511011591695	-2.172235332639925	-1.4889672254923452	-1.9401704115120213	0.17617259035769434	-0.3998137214564405	0.11920401644323554	-0.01914980201281437	2.528525634158641	-0.9756905111178008	-0.09605332611530071	0.4222600166540607	-0.46764937165095743	0.239969599331444	-0.015550958396157045	0.0015065615305204347	0.34017029433535495	-1.9272227989131552	-0.2733283491629019	0.8664206485538933	-1.1244204451450908	-0.01863292866159336	-0.22372479135939577	-0.02555195347022558	0.8566411034903142	-0.8647418324519616	1.694327890219352	-1.3496287569028436	1.3683326839377923	1.9488413571190504	0.6499312554000766
A0157	1	1.3280637949585958	0.1854025935127259	-1.4829373008232705	0.026111315697960144	-0.7141686010300612	-0.0143111045249603	0.6443938665712244	-0.16222090032159184	0.26418320492387676	-1.4306064333521573	-0.07330427059691408	-1.5793811955958228	0.09810060897768887	0.5575608651958232	2.4510566181938587	0.72361836258725	-0.09647747024096016	1.0716939875796638	-0.3251566083685065	1.752563328625134	-0.09472954123798874	-2.1709621300065596	-1.5219162308815706	-0.011933997416782702	-0.09836274137525547	-0.6729109341240038	-0.37998306489917694	0.7764395674058197	-1.8308397895107549	-0.31699039387445016	0.6064910194658075	0.7656917285458041	0.2638709612097162	-1.2141714819375449	-2.2756991075208224	-0.46536846079495203	-1.9458109648150552	0.03556673885523324	1.2652327982800418	2.2650056907344513	0.34488820195710307	1.259395030243864	0.13118858647091028	-1.0846973361395456	-0.5173768258113123	-0.5876166094444719	-0.19943624585055297	1.9612833841694581	1.67109235905066	-0.25540648277686734	0.2796428076925508	1.2897193014924975	-2.7976943971379122	0.4467132759042007	0.29216480150426877	-0.3450639428138811	-0.2046039963027558	0.6057398989924591	0.7844248298162529	0.2650579933736874	-0.4950688051580202	-0.6431363644975604	0.37172856386563335	-0.30456263002721207	-0.35699460922297443
A0158	1	-0.2750332897264023	0.27146811771941076	-1.9632026515029695	0.04710415093165359	-0.4268620755045073	-0.28982227764798496	1.5439660379367859	-0.6976039848354014	-1.0874804008618688	0.6535612405591911	0.078895812831796	1.0542001828384402	0.805632555794188	-0.9616818065043929	-1.0604164573299313	-0.3848245862059839	-1.6339838040378762	-1.0171987201189918	0.24571344039710466	1.1281596708823765	-0.39149855991757243	-1.8318300802796057	0.5299096983033436	-0.3193879743106083	-0.40065863479147384	0.8533129420442354	0.9961293614246043	-0.8116619912151238	0.6948969552427792	1.2399485589701515	0.18160010997430376	0.05747980958501128	0.5093299326536423	-0.08053273150911158	-0.0007839012333675878	-0.41723097446161667	-0.8247412849917358	-0.7281840849081049	1.3586900185312643	0.8442428501719614	0.4624422982337137	2.3888162431013646	-1.1432424502682672	-0.1965484983285196	1.9608017595830622	0.5630517097317708	1.5066864719774082	-0.3546184046522572	1.4273054669782579	0.011627038064585723	0.8420907023364828	-1.450658351147753	-0.9251957707713433	-1.9082214475278543	-0.3512927166842523	-0.53303505234809	-2.0334843141046437	0.3405117673070491	0.5231047685316333	-1.7981444831270892	0.8178821981261308	-0.4707649596670645	1.4384565737107429	0.8962144989815749	0.0795778162958061
A0159	1	-1.1722756426297987	0.9210246237612816	1.7887648245967682	2.396371436991082	0.8205556320452024	1.437747404543237	1.12930593560282	0.0669691072428915	1.3486432099124626	-1.6269206310695332	-0.623926873861132	2.175649622447006	0.12926294797207333	-0.6003350110025492	0.030955271836670385	-0.7031430266613465	-1.270735046160531	2.50322434373854	0.3108830419861579	-0.5515658996730858	1.4908543640513747	0.9985955149226344	-0.008705383576593612	0.8002800727579469	2.4971973471379463	-1.8972360759922697	-1.2576225801350154	-0.31667947833086185	-1.4030383468253544	0.006781792702355037	0.15460265138900323	-1.9025726511678376	1.6684884080687954	-1.208146522081129	0.595325748009732	1.2380183469246744	-0.8710312619850097	1.8003793380303175	-3.0058890491685806	1.2398518533640743	0.304808041781313	-0.7391913799531391	0.03001459327003841	-0.2244253466493044	-0.4179732037377408	-0.9157077882715723	-1.7852199051305322	0.8025967539014005	-0.08091024499018226	1.217108130150411	-0.3971654001147805	-0.5091648246940281	-0.02766190146944894	0.4401810138959082	1.258894679975128	1.5893196308138853	-0.023235070007522538	1.7811572229451496	1.4508233963705441	1.328683944933069	-0.4689505166492208	0.010605936462524126	-1.932334121492482	0.47665067340117023	-0.000889817085498237
A0160	1	-0.37144036068992703	0.7838354661897269	-0.5513530277500841	1.168820694785307	-0.2871918427051621	0.46661067577114107	0.4142950002183294	-0.0072624168161331765	0.5006724111380834	0.3090897057425337	0.8753280583279208	-2.193907976356436	0.061959832374532196	-1.302528149558196	-0.5263735299724085	-0.3906135867193519	0.8593008823724805	-0.13900606422494935	1.8704737792301482	-1.6711331122059554	0.7701077378112052	0.40314348553710594	0.6357545214045188	0.2107196961850858	-1.727165824984173	0.5017446090835193	-1.9150678105981127	-1.2815798970041221	0.30832789798435173	-0.30720571195816043	-1.1994265336885013	0.8350373744321029	0.3803000810084269	0.22918336389776647	-0.8100684616618928	1.2625446812933816	1.034893623424455	1.3165569442380285	0.03281737015918933	0.22703910152159662	-1.1946295426026725	-0.22083944528278113	0.07793844825631004	0.6888702669022339	-0.20148988991464623	0.007696411840444437	0.12970361767431712	-0.06639392685391467	0.6911266486510348	0.13426116087414144	-0.7310384378763072	-0.3141163961875307	-0.42037057856973287	-1.224967840363953	0.013789133766698327	1.407263547906521	-0.45039369261965023	-0.8173285612594786	0.4667778103582199	0.5483444631509421	-1.357142501365182	1.880114312714918	-0.07168417848857646	0.19212178762160279	-0.34092201041183945
A0161	1	0.08244151070509263	0.2823026461466649	-0.12885433273489974	-0.14135424178910344	-0.08994667390234239	0.11755928398885651	-1.8539491107083894	-1.341112930579576	-1.1214541821616808	0.4776488947006636	-0.28462487558532307	-0.30053534742048993	-0.40328278106726095	1.1361867777818715	-1.573443716247537	1.0136433029087153	-1.1741807514429032	-0.11563384734356648	-0.46315197485765813	0.8676949850985326	-0.19969886004279275	-1.9978768541430396	0.6944749159388832	-1.8574698771536022	2.33493566218094	-1.3932353623009948	-1.6565677068137976	0.30381926023837613	-2.1634311725198736	-2.6968571868116284	1.019578595162942	0.2053819993268536	0.7624372668348385	0.40965903366314416	-1.3939021769729363	-1.2449452645047803	1.5203127119260285	-0.7640858613335954	-0.199364693836755	1.083571000740894	0.043426481825144365	0.5172376008421546	-0.5991755613785356	-0.4037044509772184	0.06522867229753632	-0.7156153943500407	-0.6881513485826454	-0.9056948797300585	-0.6276313576915189	-0.2603355582616921	0.43268786820410104	-1.7153478525176475	-1.7416693566290613	0.9147966377681355	-0.9614724882853541	0.4251111730201196	-0.9625824971571101	0.13512152928072071	0.6280952892522316	0.7723855805317005	-0.05837842358495987	-0.2056545847256344	-0.8623573728019929	-1.579620371278338	-0.3188664136653655
A0162	1	-0.18958908542289818	-1.1662239551377533	-0.019898174535116567	1.1114152823450385	-0.3069733069480351	-0.36692522348057116	1.2969680113076765	2.6367533657111295	0.44257622500272303	-0.3200744437895682	-1.1626861625035032	-0.6841688577022996	0.26671755301821476	-0.9115396233645193	0.20564057410947073	-0.23642125399033184	-0.35410477491654696	-1.293208740774257	-0.24636114465057837	-0.18701349247746912	0.6874480724901662	0.6334083070654685	1.5850121229630774	-0.5922982654479849	0.8141745851544056	0.9018244563348469	0.16028819493880195	-1.0228710358899034	0.7990811660675994	0.34495600303845453	0.5464497025770395	1.2807664029111365	1.790748023526518	1.0636201514008372	-1.5122143810264423	0.46631610034057414	-0.2526318816494854	1.140804441114876	0.3896498854646197	1.2811763931934963	0.4522557365292286	0.3994713530383958	0.7399507316559709	0.9455416012801535	-0.024609170240443415	0.511121209318205	-0.18119089476334896	0.4763485898184251	0.21229625475126318	0.632987263830941	0.9112556371363987	1.5527110687546053	-1.0941524298868084	0.45420566526723055	-1.1303437851019773	-0.7208160370860142	0.47643618208226024	-0.0720455704876428	0.6036214810734701	-0.1275258731985172	-0.02126987049464107	0.19252388926747177	-0.3668033498506436	-1.4173745583957353	-1.1907226679698586
A0163	1	-1.8537707230514966	-0.7913945638271647	-0.3656121014444587	-1.2197067372784083	0.5108623969703509	-0.5738482920677747	-1.5812700434501792	-0.3619632423614074	0.20770334342340607	-1.3604619948141021	-0.7203768137588945	1.9457735961407479	0.6903334826383257	-1.2572189087441994	0.7802012056615946	1.317279508105557	-0.43246426880471067	-0.18123701628879446	1.1460151422187421	-1.511294254643796	-2.4902357220113114	1.44494440317743	-0.2906346378218928	0.09037531937626568	-1.1325994637609305	0.03732091583982333	0.7760995616634585	0.06475748480974788	-1.0035230255998167	-0.41719992584919124	0.7305676961391585	0.37423381378835563	-0.3792049707492113	-0.13866837593900863	0.4600506443328514	0.03625951706751994	-1.6341098191246168	-0.009342842362045337	-0.025136206617389485	1.5834188584333337	-0.26473804362825737	1.1007958350862217	0.0825036318923765	1.7473612908555967	0.09574145108976884	0.7826854676791704	0.3401607376645859	-0.6350665291027062	-0.7549221037829325	1.2224469455546458	0.5541568407509605	1.3251567252664616	1.8131990205196413	-0.3425309625267118	0.16456272935352795	0.9008819543147688	-0.1063621927295572	-0.09922981037856399	1.0000564049282477	-1.0760528558190268	0.6356659848491317	-0.5784879084025102	-0.7540748223559979	1.5249512048566523	-1.5057944360395181
A0164	1	-0.8015690258559165	-3.3047449219681715	0.14533887905111087	0.2312107279486134	0.6305813270073454	-0.8176345135091243	-2.8658142316023687	-0.40146373052953993	1.2366796805829547	1.146350332108761	0.6795313324543487	0.7824178902925942	0.3821467974850198	0.3248770813721073	0.6041035805924054	-0.4710027742560789	0.13827261209505454	1.509170045044738	-0.21295067965858033	-1.185344475997826	0.9232685144183616	-2.022313630918347	0.6126832380281046	1.4699239534641941	0.912668373924001	1.1222150657759355	0.5447209989142744	0.43049490959072134	0.8961115307002956	-0.08060397026022503	-2.7026549741013235	-0.6648620914423572	-0.9061610028013192	1.3902927086320334	1.0309852450547763	-2.330240886691095	-0.2991646639790561	-1.0070600484795094	-0.280484457738287	-0.12576938767603457	0.4269354129282778	1.1367041696059803	1.3498614741670005	1.148465288135505	-0.20629479524091865	-0.8211246890854874	-0.4777156899382669	1.2713838509715834	0.8318390265799234	0.44948533724182005	0.14456539079678382	0.2656412755746493	1.1113043677520582	-0.9342242531187448	0.006169236611276961	0.48531219799233066	-0.6683017851098566	0.16514721133257684	1.3102647820729136	0.870779234928638	-1.9524746314870367	1.8252040801170069	1.214193785912583	0.2594578385679869	-1.7368737903898033
A0165	1	-1.1063721590894906	-0.5559766101422294	0.7177379426995606	0.025943630701030878	-1.2589655984980626	-0.34526024315913334	-0.16058616739327738	1.3363684623865049	-1.1897528436594254	0.2607030397767054	-2.5125479701436366	-1.6900652925523587	0.0770687154990814	1.748937439463333	0.32867032037922733	0.756301038401579	0.5049747465508325	0.7632089746858719	0.5668788948653225	-1.2035072812531793	1.1188878438922045	1.096653770554975	-0.08408412236171532	-0.37512765732285813	-0.03798062965890307	-0.7788712794418955	0.186695157933117	0.5048683809228216	-0.47673565670783785	-0.4158863257232494	0.06295522240210447	-0.42520250118489267	-0.69929891160983	-0.5792980557227673	-0.3354110394535809	-1.4698011659889265	-0.6529873376207571	-0.18090345635258978	0.9958838736819647	0.8844850658567125	1.2071632726522203	-0.711944369890267	-1.2725004411173482	0.7603206663614727	-1.7695244425556926	0.10765529660126442	1.618329420981441	-1.6011510437784058	-0.44645654073807495	-1.212589296121806	0.22604230381648316	0.8496601039034022	-1.5446399302116918	1.3590530966365164	0.32520531817656245	-1.0620757501944726	0.4319547728477307	-0.06460350377909618	0.36294341638855837	0.14032397505189503	1.6116138766225916	0.11038302720352702	-0.14373942267710382	1.2449084578769485	-1.702256439741842
A0166	1	-1.0099820942245832	0.6758981744447966	0.0165480473518818	1.315696252419336	-0.45040595806169215	-0.11486627581877068	0.7094304932278935	0.7338200982676975	1.9231015190523255	-0.5553065106904435	0.7600307616398608	-0.13484110271742428	-0.7557318276839003	3.2464599846491287	0.4879525799283128	0.24774624202061415	-1.8829498547014276	1.6021392303127142	2.4864657829922736	-0.04737808569541015	-0.868895201570532	-0.699671170308839	0.13544315602938026	-0.7548396763384709	-0.258430776618736	-0.6352643669937181	0.46817606286958074	-1.6199204171124495	-0.8365387019826808	0.2717082967312278	-0.025709152948681157	0.06869976518887358	0.13107200705399694	-1.0473765229742489	-0.2022155365423688	1.3210276042856615	-1.007903423507908	1.3977199133871419	0.8219603770555189	1.7292682742092509	-0.7292144141727332	0.20774476528707234	-1.2302097172352882	-1.680546242229995	0.8818381980873568	-0.9970142597618256	-0.8349374262614901	0.2721504933969467	0.11791171896838223	0.08136694138685605	-0.06230865561683321	-0.3196258779335438	1.275488418468464	-0.7367736088387369	0.32240883878111254	0.2979199600789444	-0.10736892783187196	0.8913228762477483	-0.3899841835355728	-1.4835084465814194	1.1041782203549213	0.5978033127505654	0.818482779740567	0.5069355118337447	1.3813957939267676
A0167	1	-0.8429696243421773	-0.4079449013879151	-1.16912413309012	0.06963335484095436	-0.3927460215253363	0.24772468918259638	-1.1219167162059964	2.096743597093376	0.2402534675978859	-2.775673187613531	-1.1068285587861413	-1.0262174383271259	-3.0998142727471523	0.6380304454239827	-0.8433102743451187	-0.04190453219642779	-0.6888095036003808	-0.7313642812222979	0.017831387838163078	-0.43616683585720906	2.628744283048475	-1.128727797053135	1.136733717248888	1.7334752769506623	0.20515924545378178	-1.4046527696581446	1.052156372841545	0.29337127177607614	-0.40250950749155623	-1.0768631822967352	-1.0490586543709761	0.19707023550978472	-0.22963165146755382	-0.5360888082133193	-1.5510902558306345	2.111396938990949	-0.527167008579889	-0.4674989375511071	-0.24298603560724086	-1.8001717693449915	0.06155602753554631	0.3385079200509671	-0.5237637472506643	0.9217772379826094	-1.9805477599652086	-0.2527316130459725	-0.6657710244120697	-0.4621232053853397	-0.22192121805553688	-0.9219307526301188	0.4592534086211897	0.536759684665428	-0.41432361948181284	0.28488353344901923	1.2460765938631122	-0.6647941250740209	-1.2525700280536693	-0.7240448427530125	1.1671707834260172	-1.6483334827173082	0.058615313003809344	-0.696650677619595	1.051057829680462	-1.0935024110139153	0.5085449116976437
A0168	1	0.9659701655094783	0.5686590705938421	-3.068201425020289	1.3062972298977282	-0.31221318810264265	0.49103760372415567	-0.8107994506143447	-1.8477640035801446	0.4171705171590467	0.15499223454944863	0.440064760643214	-1.5424859827280182	-0.9397201019550906	0.9378011093994494	1.1787782959059931	0.11301321000972041	2.1653374813095883	0.27662732287322767	-0.4498460941052719	0.5533478608348864	1.7162213960363475	-0.5630144874319855	-0.040577933906301246	0.48143120796724753	0.37221646935939495	-0.4120513880787736	-0.5798077257740208	0.10598575547519926	1.2972020107080944	-0.6160673048365833	-0.9688324170317476	0.3417952096031951	0.1493030341184311	2.3317409401149014	-0.07961952891986539	1.9111638256259977	0.14117912611313196	1.1420358078196278	0.3986791194244589	1.6014644575745356	0.5317438170376783	0.2422905324002557	-0.25417441864685997	0.6271812595329023	-0.0025965870249495923	-0.8345529454295636	-0.9657357735521471	-0.9111449802688142	-2.2153682670456227	-1.8264070041846079	-1.8509545585071374	0.4664139240529917	-0.09019409217578339	1.4190876076950123	0.579846824005724	1.02019775650161	-1.2851841365494503	0.7084781947643479	0.3140494771761799	-0.9763305680162899	0.7516878840677331	0.3964026025795043	-0.9733960389783606	1.4340897860643391	-0.8335283902247668
A0169	1	-0.8731931829186964	-0.5015481852386592	1.8222686172856586	0.09161971099176713	0.11416796789888356	1.5688884443142632	0.43363793062194655	0.020034680005382888	0.8703339340461539	1.1714887315209928	0.1718312301290917	-1.066167709440283	-0.38992851835528464	-0.6278583085810955	0.7538426549498006	-1.8048098999826023	-0.674453438309159	1.2919758775121915	-0.04690969970312114	3.067219131022811	-1.0733085029765295	0.4764397176939719	-0.20519068716792271	-0.6570417596262641	-0.8009369172886823	0.6158599150082981	-0.4571035962516474	2.0666702625631848	1.2626619356054944	-0.17858039487404076	-0.8817769886258526	0.8458788443991694	0.0832802524137528	-1.4634054712951694	-1.0235034495627486	-0.5194339270325912	-0.5580905480190124	0.2956894901766743	1.900954035902916	-1.4004563834949828	0.7372599351276946	-0.9590255177357434	1.6027151915074966	-0.03389947358844481	0.07929380229353027	-0.4550129225023482	0.48190837845117074	-0.12788260642879745	2.3408678290102554	-0.33695865331621827	0.3651541448387199	0.36383874672928407	0.32466557979531147	0.5835084153729372	0.023220357690812737	0.9651188751799776	-0.16183355398399502	0.2822219337133702	-1.7193687058691938	-1.3046051058524784	-0.9150560390500867	0.239540249864576	2.1316900838396076	0.6996457337288521	0.13104904632293818
A0170	1	-0.04335492930628707	-0.20312235840300571	0.4934979116908932	-0.6702016719130608	0.7012743773232869	0.3030373044547891	-0.49346734919056784	-0.8262501852055161	-0.5059609723455449	1.103729253652315	1.716679436680753	-1.1193456768615777	-1.1339456982265759	1.7238640350275876	-0.45422885147634223	-0.9821664353496072	0.3280149730131526	1.077705083603613	0.1739861241853253	-1.7003556303657086	0.9136437802239283	1.1257266459401596	0.9381992935618717	-0.06533940617238497	-0.12741138366129343	1.4071963805008119	1.1608805673353217	0.09849295404288218	1.2924328272098458	0.8324228305970801	-0.08490322009664232	0.9139114440655712	0.4711922524247515	0.20836529658620753	-0.8666684121373299	1.384805108259895	0.8196504572258492	-1.4800189023743708	-1.250755359887946	1.1046301356232273	0.40448048691333255	0.4324030858763708	0.29587801036549544	1.4312399709931396	0.1118220756881466	-0.5445866830780342	-0.44783420344524316	-1.2596876011050928	-0.3095388391393912	-0.5346444533968563	0.7483902517189266	-0.5974379028563221	-0.4123240642396017	0.4088617931352402	2.4739482742275114	1.069422233536324	-0.32538314112579064	-0.2772700667368437	0.41128540343046016	0.7876312242181474	-0.012825133440812129	0.19154794139636966	0.8793290397311713	-1.2176977370419115	-0.028696022833769874
A0171	1	-0.5730629905120578	0.08277339066671001	1.1305229205886662	0.6425840570804638	-0.2509315286828387	-0.19386189618912394	-0.8986327366266414	1.5427595009790955	-0.4252390228317727	-0.37442439348645706	0.9131306743488692	-1.3701999598837624	-2.3656787521554437	1.2195975687150709	-0.7556574801326632	-1.4176939850311467	0.43675188863344144	2.084280745186099	-0.580251906234838	0.07848585687790756	-0.26109169070228694	2.5752387610893113	-0.9226540604980477	0.26312237135169275	-0.32848027964830523	0.48641640473563774	-0.24475920987747293	-0.14297249296443246	1.0025573794594418	-1.1883245611852082	1.3362286166098274	0.9482930508219691	-1.4569357666970213	-0.3921215418185128	0.25650422911857085	-0.5617302123791303	0.11123143560571969	0.136040014965286	-1.8819522165187021	2.1049898462775727	-0.7339468994641005	0.13968837221335378	-0.13307658167177944	0.809982385662495	-1.0120882693279287	0.17120275195681173	1.6975381617050411	-2.347131325855107	-1.5034268570595426	-0.20783638390490183	1.595300976554109	-0.19211403347143172	0.6809334889946114	-0.115694203983931	0.46661320641389836	-0.5636301990488419	1.73573923310616	1.344306954695159	-1.3750966238880955	-0.2764545181133827	-2.073979345428579	2.2110061239789376	0.9778111436174456	0.250828916267237	-1.1241782622416894
A0172	1	-0.7714266450073634	-0.7987328062945295	-1.162614834161789	-1.6255767403848247	-0.5203892207515378	-0.7334546060809342	-0.6724396073543398	0.22324327290111678	0.5932810838957144	-0.3836911022122299	-0.804595967007198	-1.0666536435464917	1.4192565488659152	-1.2904697087315282	-0.3974068025199427	1.7255608230606085	1.4608532781793289	0.45192100021925385	-1.1540801636222167	0.3081480557195454	-1.148687988178332	1.8315415223921006	0.8134151424147448	0.8589109364512051	-0.24098991701890343	0.03740212991148636	0.08810934675165505	0.12815209096768676	-0.9013092195450764	1.4840479915401206	0.31774775574509984	-1.1040900183422608	0.6926818546496484	0.3126338685021784	-0.33221516344833435	-0.7430705095189403	1.509959010173821	0.6352434173347372	-0.48871943788379385	1.4332301793450712	-0.667838724856136	-1.1824731676731148	1.9846400491790006	1.3580656557897097	0.48886727356578413	0.2251586349945859	-0.7559524984660932	0.641057624098412	-3.0031414954224225	0.3598770738077251	-1.8157178634484077	0.14048122993389853	-1.308556717586727	0.7507619267892898	-0.6433427597488047	-0.11037714433603066	-2.052199290893146	-0.14061640729974173	-1.5645763111190762	-1.246113831668572	-0.347171994881097	-0.6812733751714183	-0.12904170717428415	-0.12438771013994623	-0.5022380960155043
A0173	1	-0.4106966951612208	-2.060861810163085	1.1561285136101251	0.5049768947056867	0.3482864240751155	0.4956628902844117	0.014073394010852277	0.5907873859396539	0.18876517799217804	0.0401729725132839	2.046067326923469	0.09332893932690531	1.0782586848051854	0.1652594613242325	0.15235306301934123	1.6369706595460236	-2.0149333997182164	0.2684356330725238	-1.583639856389038	0.07245453204462098	0.005287273450835674	-0.8100356047095246	-0.11532846544856575	-0.8393641618566317	-0.7752327622355484	0.11707858600312829	0.9726021271211424	-0.6175089105918264	0.3289826393392441	0.6016033040220744	-0.7414518919007044	0.37983551902681517	-0.6281673638031677	-0.7769929821342733	0.20192976802621398	-0.21404772590820761	0.5690813540929602	-1.4611034717308224	2.170714837282485	1.203622791320848	-2.6097951584050416	-1.499833809456673	-1.202283205958725	-0.4269148407874929	0.30418855559450014	-2.1451535751356774	1.3307309509991583	-0.6591031375368089	0.8212739947045051	-0.49847868962984826	-1.5727227451734556	0.5619754609726115	0.8896983114071955	-1.4729435075799062	-0.5345780909360943	0.6622075646849381	-1.576475490954422	0.8438127941520303	2.152924861148191	-0.14411852439927245	-1.5061687942008635	0.28705261495223705	-0.27251927344120414	-1.8977397483612826	-0.589740125723568
A0174	1	2.1639192288898736	-0.7026017469314966	0.6442874294165409	-0.01674107044530609	0.7284578843621092	-0.01756086102489752	0.9561116128069813	-0.5979922590162416	-0.4628137837320397	0.33805405597500254	0.7127265272048716	-0.9575495809431384	1.4471058858721961	-0.8919730582944059	1.1945218504768704	-0.5486459512908873	0.2813292348194616	1.4177958433575146	-1.0177910803477965	-0.062038299829845836	-0.34679187968791186	-0.5989818860117212	-0.9641276031374548	-0.9952588346508918	-0.7120220555983755	0.5402272304142861	-0.34058429616589064	-1.3019197811681822	-1.517276447959357	0.8373159509580618	0.5245573126610298	-0.275321816989062	-2.52071552759711	0.46735853217317036	-0.5935979683500948	1.491712835761732	-0.16948861459780307	-0.3356066212574241	-0.21443235910031197	0.9998279129632387	0.1715224316296208	1.0931122688452082	-2.0044100763456854	-0.6787587767428133	-0.7584723672216714	-1.0895604548895474	0.7730945014132854	-0.7179491928964236	0.9280049357682241	-0.8246399408381463	-0.47652374731774017	0.36896271466229813	1.523156796485247	-0.08309527878142564	0.6192838887639579	1.7849645331286268	0.07255229551855598	0.1205753485151009	-1.2919399866554448	-1.1160046039857323	-0.2603879571587268	-1.0498475262512699	1.2145303450757279	0.023078851641973538	0.4000023270926018
A0175	1	-0.7021516379510773	-0.4441853195198635	1.4668138991080812	-1.2422009126820794	0.05227998258753868	-0.4993501157831133	-1.7694598137134137	1.1544551011000301	0.23698356233637022	0.14233234229574965	-0.6722661651394681	0.17677634768807954	-2.800640209228317	-0.8133060652898462	0.49239090357014054	-1.2546753766722663	-1.1933799614549996	-1.342335564526514	-0.31098971639853057	0.6562153010853561	-0.013266550159788344	0.4427598952986739	0.08308516515965202	-0.37945732989683645	1.5322352956741658	0.3561255678738941	3.6034897297895365	0.3535051250341144	0.12247467926029847	-0.06376795873125236	0.07404103987896406	-0.15852044817825273	-0.9934119336897305	0.2115803217640654	-0.40953424614022793	1.2700140968605151	1.3572166923829845	0.40044101706899593	-0.15619299945123225	-0.15989919522356072	-2.003163450777587	-0.5087150428125394	-0.7739007857844588	0.6948949849322642	-0.6122941666727826	0.0010582163969671857	0.12490846543512975	-0.40718943543494357	1.5689703221039042	0.21562834633545763	-0.3240616541586426	-1.7736746958611171	-0.2718425168927651	0.17952151085694823	-0.8621146646768865	0.46078457164980213	-0.8750401548753424	-1.056113452921392	1.484406467106875	0.186840527921911	-0.5681071946797525	0.18096081118859558	1.0163083573884186	1.9137967872706338	-0.7962269137737855
A0176	1	0.2522020721698798	1.6094918181684796	1.0870742078789801	0.8870038423917418	-0.5416238914222963	-2.527987516242491	0.31292448544886087	1.1275108213929972	-0.1400037282994165	-0.3111629750663506	0.4355617714300986	0.11678193674502088	0.1263956074940517	-0.7865872680827357	1.340671977498307	-1.4050033932046166	-0.2590011334668558	-0.2660191892007343	0.06387366003623998	0.7172385509090397	-0.9724668158708035	-0.3706036179555865	0.6017210285063522	1.0260443699909219	1.8165938431073076	0.8383165629893317	0.2016684115613348	-0.6313995968001982	0.08570981272900964	-1.5225419874482702	-0.49720682290351353	0.9118265851510351	1.0127018597050512	0.3268501622353826	0.36191588596828694	0.46446433212320215	-0.6995205212406461	0.7783604561141372	1.8699359260507071	0.8832786384583748	1.2176633722912251	-0.5742932892944748	-0.6460323919535796	-0.019703481091191136	-0.5878876364026502	-0.20513965088461886	-0.9609679765516919	1.0664142393549683	-0.11533267225675177	-0.03305314988858289	0.2521727028133236	-1.9502135048736458	-1.0796074944371254	0.6300350717265054	-0.8678433883939779	3.1735468983869097	-0.6392431362673371	-0.3863512677617543	0.9527861754037061	1.923966353182632	-1.498789186611104	2.07884051872799	-1.0345731929469806	0.4691186744917187	-0.6027581325042218
A0177	1	-1.1354176531087838	1.7756530600374707	0.8126105744497395	-0.6658020998400395	-0.07663482853016357	-0.4098498720566268	1.03802604046821	1.3351272766761388	0.03173956497519694	-0.39590018271702876	0.7689966806505549	0.6869997860527911	0.38184786763395706	-0.3553905731989359	-0.41657634054843357	-0.35106548924610437	0.6870349844854148	0.6175439595737471	0.06377694574831683	0.24516432619459375	0.20143453709497616	-0.11025629061720939	1.053968238891888	1.096167458410374	-0.8859359657969129	0.024259129357163657	-0.08987412456504995	-1.0341380877283102	1.0970124121737903	-1.0761162334410463	-0.1470289466174019	-0.21892231114370767	0.32863331989670796	0.5434446798014918	-0.9616298954708377	-0.05558404733478919	-0.6862395818323789	-0.4227326919139594	1.5406112738607485	0.0330883121881081	-0.5281751938931057	0.21128443160775254	-1.0162489766146794	0.03389962640290985	-0.5662753246462682	0.39500798394775166	-0.09679542797141036	-0.8410351872233232	-0.11518171456956683	-1.2939045641746916	-0.951609447380606	0.0820144010618563	0.5924558533936279	-0.5344150113890058	-0.2221264632288586	0.3445457727106326	0.32528035887558854	-2.222008449976339	-0.3580646089398365	-0.8694518704071552	1.299784759907446	1.2375946906453683	-0.4155204751375976	0.7737761856956609	-1.6635672861048902
A0178	1	0.9848717801645097	2.8251544894129066	-0.16969958158398601	-0.6941284138655701	0.26193544602876573	-0.6899498456628204	-1.3563830819843248	-0.4591636958778317	1.3165998119930005	-0.3053067851853615	-0.29304918303654565	-1.0711745889455606	-0.7167971402038268	-2.691674297953346	-1.9181845930691406	1.0800450848048453	-0.807629668190718	0.9201548526879072	0.22672266732244029	-0.8637482090785964	-1.632876017254937	-0.06701719327140492	-1.0669139542946002	0.864841730966844	2.017915662179586	-1.6003995307519332	0.2065690978316042	-0.7391125252117678	-0.33072017327576025	0.035345759717811794	-1.3191492896176293	0.7401003206094751	-0.09927906964916729	0.2161560643362195	1.128413910276382	-0.6120969784019121	-1.5670832855990817	0.12382294559455977	-0.5271454438289165	0.6929117872662938	-1.0737421845427293	-1.2390349228855275	-0.5537734525216794	0.018490149465517046	-0.4168239880547071	0.9030693048821663	0.8389371945614092	0.507604673477027	-0.15179871885091148	1.0215251927611286	1.6633634490750562	-0.6382490079266148	-0.8517691186144315	-1.6840891704030683	-0.9439922535485757	1.4928471132341887	0.6774651242402808	-0.9318102375714622	1.7126593675925383	1.4345543945032337	1.7802861540192032	-0.5299299987933304	-0.48827039702770647	-0.5164131384763334	-0.6824506908114698
A0179	1	0.5190529938102435	0.083697733159865	-1.03477259119313	0.2414325200524962	-0.8685981398059385	-1.1078479320849055	0.2305805818885293	1.9902489297974209	-0.16999449830335714	-0.273653447766927	0.6933464126547592	1.0011090539167724	0.3538515060255546	-0.12919362093973705	-0.4035390522852457	-0.5389122248658492	0.833625281702555	0.08101698359937552	-0.8442721973401703	-0.06844813064234316	-0.6485349090093193	-0.8856002906153168	0.5410804889764915	-0.11145250758935751	-0.5145488939866573	-0.5407731201356514	0.31296833811326874	-1.1659294986440114	0.2260670790424233	0.9630264914087274	1.0134375102731776	1.0328182284992387	-0.6460274617726994	0.12788771571912358	0.13806907584833725	-0.12370489183860442	0.35799473296829665	-0.5112154271175545	-0.16999348955350443	0.2669890131876359	-0.05446320677528334	0.5473980942310697	-0.48774255471645894	1.3569879300242729	-1.5809295335148916	-0.2788603099597662	-0.5470578704841059	0.8401886045471715	-1.2712352935013465	0.025458687544952167	-0.7356753283288272	0.22977373729964337	-0.7256827447884839	0.058311353344939997	-0.0566699179559718	-0.410748765753727	-0.5754657641300208	-0.3947921362874174	-1.818735259326647	0.014775308668817213	0.3759761016685014	0.4903445859674524	-1.0012654774218688	-1.3188915658524625	0.8314065124161928
A0180	1	-0.8376931169920505	-0.8388023535999438	-1.81899855481487	-1.2899163677389696	-0.5707256808676205	1.2863404538093688	-0.6833118847275003	0.8423893702292077	-0.7709678689634724	-0.5678502791016796	-0.3322711933729526	0.7017936672941407	-0.3610561936974922	0.6357740891418124	0.12678255797111856	1.6462630010615995	-0.15166665170851906	-0.21440539514931506	0.0701976307656429	-0.6448752306497787	0.5082487259400764	-0.12745260871048858	-0.6687449829575869	-0.913189262425659	-0.8963464606152297	1.483783750407199	1.7257601575065062	-0.11025478413330098	1.7827159282718517	1.0933098924396134	0.4643423184965981	1.5969481807201387	0.5840230051068448	0.1506440783507416	0.49085436753405104	-0.4315688326985218	-0.09540875625273229	-0.691760471913413	-0.533433698688077	-0.21167446474485582	-0.1293486984857089	0.4699073978037928	-2.250723757688618	0.8172114525638595	-0.8952079877721247	-0.07690156633731501	2.430146813208738	-1.4740957807396282	-0.23742590168921346	-0.24878304889965294	0.7472089982085314	3.1386618858076587	0.29656994049456215	-3.3029624192796576	-0.9186938818992565	-0.08071657755944656	-1.0621851996839242	0.24722027175886474	-0.10410176770647797	0.7525050515616514	0.9181870824408993	-1.5961604708247135	0.4390878515261566	-0.7451700085846165	0.4216745446898199
A0181	1	-0.7143292564845979	-0.8025225641247754	0.43958114506616847	1.328597656038847	-0.8218594209186371	-0.14908598391933697	1.4066325246889122	-0.8094994632575634	-1.5557218475204788	-0.27217539718946365	-0.8960919750773875	0.8734809248845194	-0.9173652046893322	0.16096640801486858	-1.4432359428725103	-1.61094898395287	-1.1254136601619473	0.5540000578443789	0.8556428097597714	-0.4458447119111532	-0.02498327514973769	-1.3201078175275947	0.6634637041475298	1.0262471123615595	0.858376927630152	-1.065117948289077	1.7622001917176242	-0.2712187563021045	-0.1720614276709325	-0.46284528061709584	0.21113330758547358	-0.22300273808399676	-0.6208306683982743	0.5693841026773441	-0.43034240023749554	-1.0138361326963337	-1.4664263598950429	0.7445774974319878	0.4300217074130077	0.33187703084360615	1.6446299051821474	-0.18898974202227403	-0.04772485028183403	0.6942687166096299	-0.1314468392372608	0.0728008195177931	0.0034094946874820525	0.43661876377061865	0.2781035525231048	0.43341953434380237	0.4957487732078019	-1.1991421527234065	-0.19874588474354518	1.186951355955967	1.314114765105949	-0.10712844459464493	-0.32795716064181757	-0.2010326916832497	0.17921013071917108	1.7219180819065767	1.4424795210873653	0.9905371568462283	1.1953660209227515	0.12080142159274952	-1.2220708449534237
A0182	1	-0.4818638839501333	0.5418337874805953	0.1389612831923498	-0.6430979050144336	-0.0028422292907161507	-1.0389017431554812	1.4559756905383456	0.21209857075917812	-0.023233986598743244	1.531569809791287	1.0601435744735446	-0.3113752696345033	-0.08258541451244195	-2.103997740520755	-0.5718506955145405	0.3972461076523218	-0.016104545330719356	0.7383536506207062	-0.2365629825248888	0.3026969276393383	-0.25982950069045924	-0.8677761496363032	0.8316682238458663	0.24841604805983894	-1.0979017409138976	-0.3091755684945689	1.2378094780571036	-1.721632781604359	0.9401285428909029	0.2624753367390879	1.318636267084645	-1.1282011137515624	2.1074979534164093	0.9964431014241187	0.16293620846828552	0.04890215825496488	-0.6987760352560731	-0.4139643876944505	0.47406106961867733	-0.8587585105173348	-0.6666234732875844	0.3285647438073282	0.23779947536405724	1.2379151496599134	0.9327690850706672	1.4306914061530402	-1.1362998643394155	-0.8113230972918304	2.0470828080471692	-2.4264193533207723	-2.051032327728446	0.12497534543066963	0.40231329790034864	0.6256287329550624	-0.16776828285272924	0.3196122920641409	1.3119363073819472	-1.30573652646211	0.7650508946543779	-0.24896744129219686	0.9706595696718395	0.6742949356442571	-1.1315451189860013	0.2933903089354614	-0.15094104773841538
A0183	1	0.047522620241601504	0.13215659904434388	-0.9127955828897385	0.16667180296313128	-1.629518844507653	-0.3990441727189061	1.5410319786478246	-0.47406660991719135	0.5833220922185339	2.649638357372503	-0.427357561347422	0.21342848266914968	-1.024271375849665	-0.45204711754051674	-1.2563209168983183	0.055977056836244043	-0.2321341885112397	-0.14834558750461413	-0.27654871545903587	-0.16381404383285264	0.013806173759872973	-0.33690818871401673	-0.0626683319550796	0.13262374211897918	-0.857486380624444	-0.29800156476025635	-0.1874127966304745	0.5012933807124105	0.03900849146134798	0.8688629577262654	0.338733673813905	0.14383913136404386	-0.43931433229714995	-0.4777143494046919	-0.17393250552430645	0.5977101208817945	-0.7843544112370889	-1.0910332358595256	0.910966911933223	0.15695987580720255	1.3072435983862072	-0.8376087615438443	0.11596595024865042	0.690241846725338	0.603698140608463	0.3964944499569498	-0.26700386889105965	-0.025651285371770475	-0.4966293271975552	1.9419330651888977	-0.3926319293513875	-0.6697021379784233	0.09872410864554321	-0.049970872650604514	0.6150599535883504	-0.05631006955775962	-0.29229073775797226	-0.48195514031738895	-0.009740718681220369	-1.134761208193898	1.3877651940687377	-0.11743277855872805	-1.977799069056255	-0.7044390710569057	-0.6191484427228412
A0184	1	1.441744498234389	-0.13176199832516156	-0.43611424528320525	-0.038709516456435306	-1.1535660383483366	-0.13923981695089424	-0.26455399371325483	1.407903572984159	-0.19460975405680295	-1.3501660272617202	0.02543201774864234	0.402445940921445	-0.5332462561441732	-0.8171380897749305	-2.3906748301272707	-1.0175233734571147	1.2463157281377357	0.2591196664190628	1.006670780550199	0.5792635515538774	2.281679544938428	-0.4106645743685869	-1.2787400209356519	0.08560272176629295	0.5480078141133398	-1.2595259221177382	0.7917866966083735	-0.659819783477932	0.5887961348804882	-1.2993532629277937	-0.10505291777429442	1.6138705775370423	0.12475456281996287	1.74639957384559	0.6579580091206888	0.5632823288749907	0.9135397285981167	0.9111888647052219	-1.296293576999162	-0.5927109129343231	0.6440935586999967	0.3521827003583197	-0.5989466427139073	-0.46190814709842054	-1.1482383032668726	2.6732883894681745	0.5501296717792917	0.5153056702334277	-0.972011114558291	-0.3914892366559458	0.9808065108142721	0.668292627824944	0.5983392128736216	-0.357376172937403	-1.1044875431850227	-0.4653567282354785	0.041685313958695625	0.44178191997828187	1.1038086122678974	-0.5765584511404863	0.3215127178933629	0.21336624478581986	-0.3456007524037156	-0.8104856735801637	-2.1114087802697092
A0185	1	1.0940951469831732	1.0057880352574855	0.96350563770769	-1.6524938181187507	0.2749324949065789	-0.8037839562769706	-1.0464078139092223	0.15616136093555802	1.0443758960520568	-0.7491620031947109	0.9851289821818521	0.7532957875610516	1.3539036611726072	1.201547797379232	0.876629716843226	0.40992893012165793	-1.178542268138218	-1.7355576853259826	0.6517229883593348	-0.9814566131944897	0.34643831738114134	-0.1403663143860301	0.911659858699224	1.5500328085350565	0.5616428004711511	-1.4946322391191214	-0.2709535989191046	-0.2060242847185417	-0.16945798532909995	0.04217447652515276	0.5199343722591991	2.0695463134044796	-0.41300668713268834	-1.6025840599664618	0.43666712702226373	-0.3649078862423161	0.501923611631031	-1.2057759520556663	-0.32173396843299196	0.6088193659514209	-1.828207345131302	0.780199131428418	-0.1063876584205581	0.09995416300752218	2.070622302043281	-0.9796818420331659	0.4936195758925222	-1.3484466253387963	0.9620134917624356	-1.6032275235666116	-1.0173843568913332	2.0931370373237375	-0.900702625771564	-1.7799141458046361	-0.7261644497572968	-0.6875608287721067	0.7602571981451121	-1.1251231046417822	0.16417734811742762	-0.8344822296912565	1.3217242094428834	-0.0191149717015251	1.0378968577099448	0.2632931361991413	-0.30063200932047346
A0186	1	-2.126844390341607	-0.11265255463676152	-2.0011684270091314	-0.9292337398243444	0.09479988940119918	0.576933827670726	-0.48216508925154294	-0.13209986328083353	0.5111791846950252	0.3749349383481117	-0.3199108225815804	0.9700258184027745	1.5832963578037706	-0.36338482881603373	0.9996973989733469	0.7143842011991498	-0.31235236117452025	1.3692722760476523	-1.435680561175571	1.0737764807404169	-0.7894186712158329	0.06840883442185808	-1.4218417740340605	-0.925872603094077	0.2994850204480083	-0.8582531458182722	-0.21831551085587092	-0.27281655124177995	2.070795073451568	-0.5082792516134239	-1.7641431127319456	0.45363160161130606	-2.4338849979742574	0.011668188096154976	-2.0042069806559955	-0.08063359858757374	0.7559541301659443	-1.3721449252199156	-0.010582313371968594	-0.8082064277834794	0.2042021615881286	-0.653336628940159	-0.8696040283322329	-0.39425373600808844	-0.972981992732847	-2.270617522569888	1.2435769759437072	-1.0034095330665718	0.6864379175679842	0.13766845817491014	-1.1892772741056712	0.22653366664584407	-1.0255063535642983	2.0300708433880637	0.41668807953210574	-0.04511930439415732	0.8600338065250619	-1.8635440828459509	-1.249604825868772	-0.11212714093290413	-0.8844848604178774	-0.25613443127395036	-0.5644906922265062	-0.1053182948238723	2.218369000186981
A0187	1	1.4814362493017632	0.25406427616199606	2.340479531998592	1.529818296401737	0.261571217077473	0.9688437005888876	1.6615114823489654	0.7243586687206625	-0.3928375983405738	2.255899252207697	0.5198523049343533	0.6436006271583308	-0.44454012590829484	-0.7840979740990399	1.037951290378497	0.2121749004050761	0.37918752471791917	-0.47827267383002464	-1.645792598527841	-0.42648853026645045	0.49001045686627986	-0.9106809035084099	-0.7542712066977608	-0.6438531444023488	-1.9123386802736058	-1.7456773911743937	-0.15586327754927948	-0.4745297911045989	-0.3357851832749975	0.9271072169416013	0.4578478755840532	-0.6911758741220627	0.07764764560779341	1.2930695491285118	0.4901630050160847	0.25627183067087267	1.238529151009986	0.07339554758280445	0.8160692052067018	0.6966040251947505	-0.39456758546368587	-0.06891820934641438	-0.024862538663545777	0.24251211353100222	0.9918467487100588	0.8634513962077659	-1.115681321174683	0.793068633052066	1.2241791553401575	-0.2996347449894079	0.5405249045482318	1.4774053414530852	-0.8099613054431141	0.3818229711419356	0.47750880566732085	0.3053931641097667	0.13007412750082623	0.6429505062583278	-0.045315473864555	0.4194419247218672	0.12537238691560648	-1.2072074833573794	0.9242405347759691	2.305525922464406	-0.41517759710843766
A0188	1	0.5685144925984131	0.21159177671943052	0.8365505211139176	-1.012627580405479	-1.0460607499248225	-0.4188578761976712	-0.18864738105720436	-0.19307459186545242	0.22771790502513156	0.1366258848923952	-1.0395029091493049	-1.2300047568270631	-0.550920415106633	-1.202089076048756	-0.1483629418698896	-1.8522433214677967	1.1579052313652198	0.09987376787043468	-1.4681365840879306	-0.09770044407223191	-0.12523134886168724	-0.597395880412305	-0.10651550253739302	-1.8770579913067675	-1.9620043822781301	0.3843175095701404	-1.5023987191950487	-1.6689030762117594	1.2144003845825935	-0.7618719371308947	-0.2824305570253831	0.05391620259315252	0.78685111440724	-0.8772655052904321	-0.43109286527136687	-1.1399463524746984	-0.9423271458454121	1.0255403301212824	1.0708615816742149	-0.48480626623308465	1.3566298246668542	-1.250995047089481	-1.0529905690601187	1.626064218617708	0.7242594001861447	0.7690639445507284	0.6883204102698164	-0.8196767506717446	-1.2153722406316891	1.2409421718834825	0.3476918712284053	-0.8262986497297471	1.226578795460625	0.30013991502934545	-0.352813642333868	-1.9089266098221973	0.8620497510456826	-2.140024976116897	0.40168559251260294	-0.5003703300258934	0.9542531117333238	0.7840280751059513	-0.4646899021373609	-1.2918943683183155	1.2684221389708983
A0189	1	-1.3338025369430353	-0.3548102944309386	-0.13512306227811768	1.5282247886011198	-0.27337733675222503	0.5365807182879357	1.2553595367807389	-2.164033357618919	0.46474855941215254	2.275717584387858	0.33625791404598654	-0.25089041428455033	-0.04611940457805438	1.5632656938488432	0.5592727773513496	-0.009580671016111651	0.04897990931503871	-0.3349441117672431	-1.2817298380687916	0.6788254131493884	-2.0363572500136944	-0.11258655665613732	1.0930303973266393	0.4099767188363735	-0.542951291542119	0.8107917829446564	-0.8804197601503698	0.09165363495269489	0.793192011933546	1.6621435899519605	-0.02560484011381099	1.0623584783649376	-0.04156065333970458	-0.4444379827690829	-2.199682796646171	-0.7357615156871326	0.23780563354474404	-0.38483433950924295	0.7089322560208934	0.03366977131419595	-1.7752775077241525	-1.5846068445696577	0.3895370984705756	0.2973786013559091	-0.07391753437599088	-1.3071697250644247	0.8045850964564981	0.43227143179784855	1.7233591764254974	1.5097977257862738	0.5932724859295765	-0.8474650234711308	0.8237381067504149	0.6142852185397254	-0.9562450914308255	0.652317972363329	-0.8376859553644231	-0.017725504198323343	-0.06357371535266448	-0.8640858430514526	0.0289933317907314	-0.7950955999314337	-0.04483420391090389	0.15543240764408872	1.5057898754885548
A0190	1	-0.9432444740015518	0.3006169266365557	-0.14424188196668322	0.8002271032100394	-1.8540605941793737	0.4637400093843782	-0.953238386353173	1.022373616083157	0.5836141491785777	-0.697862765022392	-2.3701925419014347	0.9483336301467705	0.46182114107483063	-0.463783528658797	-0.5080533369242098	-0.9448071693529846	-0.7652193835412686	-0.3904765722831713	1.2446024048547202	0.09449278548005732	0.8070035112469034	-0.2682531483909004	-0.007946476467208795	-0.08007482085802449	1.976064405168297	0.03270576015500364	1.5102119988608227	-1.067555946184249	0.43354570269371223	-0.7094987429212959	0.4756082284048504	-2.1997087692548396	-1.7530405358460444	-0.11223997108496309	-0.05089594564559129	2.301104395142211	1.401677888220506	1.9166351878953833	-0.48090691101433636	-0.9268865926437451	-0.7166324136104685	0.5918020746020579	-2.189509449457613	0.8514811504441608	-1.1730653865093823	1.634217876090892	1.2928197546936464	1.659536096065403	-0.2925721915180184	0.045584209536783965	2.086885978748433	-0.8991326148663544	0.35149647238626985	-1.2200055304970807	1.1470540052226739	-1.1511119734784359	-1.1764562959941138	1.0044529655360737	-1.6129585730705003	0.11847454501712204	-0.5147147893945823	0.5355820676963351	0.9919762230448695	1.4966471701640018	-1.1077779402149477
A0191	1	-0.38679201006628555	1.366613295610136	0.686191134999164	0.36437084307663226	0.24953878032354848	-0.3653720756570357	0.10979943134806769	0.15604774565416896	1.4730894317500547	0.578032202587362	-0.8895744734240703	0.3950145256021201	-0.28023046958522213	0.8457152761935288	-0.004032520514812056	1.7373459501995283	0.3565008899812414	2.0425354434530902	0.25546829320675185	0.045548743147312436	-0.5600229265183502	0.16919306406605522	0.7765197325461616	-0.9783980731874845	-0.6820274685086685	-1.2294715515988865	-0.46044712756783807	0.7006817076456953	0.5908600391314653	0.735443600327998	0.3686331148032845	0.6589033715108831	-1.0884080508966605	0.5307000310343594	-0.7008865963907709	0.4939695705170611	0.4580955480666366	-0.29587198561199035	0.9745025507013098	-2.145471512309465	-1.5547888255978144	-0.4020506980614	0.08698617682531094	-0.7233831606776593	0.9766727818140639	0.21316930115789645	-0.3699957103514556	-0.1833694993478446	-1.1816049898535357	-0.3825960791216282	0.6013904994002548	0.14323599627043676	0.9206390899581826	0.25201630519456203	0.7834403281222609	-1.6252472491287047	-1.0891159276364677	0.17781588106112442	-1.2767783313763668	-0.40015865801133516	1.0050633715893291	0.5699801176843943	2.6388753902716116	-1.5916341557515674	0.039494281279612346
A0192	1	0.37643486464965553	1.4526472395553918	-0.03976880089150559	-1.6183108100721773	0.3231106115945547	1.514911516505677	-0.7127095761232262	-0.9951478716765579	-0.9303527425258133	0.358793757196373	1.147491371267573	-1.0098799496086113	0.45518141711364796	0.6705485631763974	0.6510061321805101	0.18831215694755304	-0.9829381385314735	1.132595655939668	0.7307620884088787	-1.3374326594073507	1.0724571303051644	0.4023679825168886	0.7743283883108251	-0.3302754818057123	-0.22445347874225788	1.1098265591059808	-1.0298535599	0.35745662723853294	0.25112173528360654	0.8437201616299544	-0.0637894040878503	-0.481317924069883	-0.15196872217286864	1.6954798987538817	0.8477853800052907	0.28468137090972573	-0.0040325436403599885	-0.4606268657983423	-0.6088341338000913	-0.585647227618697	1.185265594869028	-0.3533554892080404	-1.8035069167790314	-0.31988151840134277	0.19270807663885364	0.23165771519753522	-0.11602889600563134	1.2206742526484835	1.022027515424828	0.04399447873587794	0.12859257895318776	-1.2746129501755639	0.02819178984112075	2.3327403151748713	0.27425327956391465	1.1610316247836965	-0.761018702312938	0.27450807752617845	1.4101900212563925	-1.154129823719729	-0.37093421319192404	-1.6412694152584173	-3.0742454998927555	-0.015356512945929502	0.6454463233966995
